pt: 20 ~ 25
*	3	4	5	6	7	8
8	0.06
9	0.06	0.00
10	0.08	0.03	0.02
11	0.09	0.05	0.05	0.10
12	0.08	0.04	0.04	0.08	0.10
13	0.070	0.036	0.028	0.063	0.079	0.076
############################################################
pt: 25 ~ 30
*	3	4	5	6	7	8
8	0.02
9	0.05	0.04
10	0.05	0.08	0.04
11	0.03	0.05	0.05	0.00
12	0.03	0.05	0.04	0.01	0.03
13	0.077	0.105	0.023	0.085	0.113	0.151
############################################################
pt: 30 ~ 40
*	3	4	5	6	7	8
8	0.05
9	0.06	0.10
10	0.11	0.14	0.17
11	0.15	0.18	0.21	0.18
12	0.18	0.22	0.25	0.23	0.25
13	0.188	0.222	0.251	0.236	0.247	0.330
############################################################
pt: 40 ~ 60
*	3	4	5	6	7	8
8	0.16
9	0.14	0.07
10	0.12	0.05	0.02
11	0.11	0.05	0.01	0.02
12	0.14	0.09	0.04	0.07	0.02
13	0.085	0.039	0.009	0.009	0.046	0.008
############################################################
pt: 60 ~ 400
*	3	4	5	6	7	8
8	0.22
9	0.24	0.21
10	0.24	0.21	0.23
11	0.21	0.19	0.20	0.18
12	0.23	0.21	0.23	0.22	0.33
13	0.237	0.218	0.234	0.226	0.318	0.254
############################################################
