pt range	chiso range	DataNumber	FakeNumber	TrueNumber	fitFake_number	fitTrue_number	closureFake_test	closureTrue_test
#######################################################################################
20 <pt<25 	3<chiso range<8 	136.731	82.3479	0	66.2944	70.0763	3.4331	5.57373
20 <pt<25 	3<chiso range<9 	136.731	82.3479	0	66.8812	69.4862	3.27921	5.52183
20 <pt<25 	3<chiso range<10 	136.731	82.3479	0	64.7296	71.6768	3.86082	5.72777
20 <pt<25 	3<chiso range<11 	136.731	82.3479	0	65.8424	70.5627	3.55605	5.62575
20 <pt<25 	3<chiso range<12 	136.731	82.3479	0	66.1259	70.2734	3.47973	5.59818
20 <pt<25 	3<chiso range<13 	136.731	82.3479	0	64.9339	71.4477	3.80234	5.70095
20 <pt<25 	4<chiso range<9 	136.731	82.3479	0	68.5561	67.8384	2.85452	5.37871
20 <pt<25 	4<chiso range<10 	136.731	82.3479	0	65.6761	70.8273	3.60373	5.65975
20 <pt<25 	4<chiso range<11 	136.731	82.3479	0	66.9132	69.5742	3.27456	5.54394
20 <pt<25 	4<chiso range<12 	136.731	82.3479	0	67.1574	69.3052	3.21044	5.51688
20 <pt<25 	4<chiso range<13 	136.731	82.3479	0	65.7109	70.692	3.59117	5.63633
20 <pt<25 	5<chiso range<10 	136.731	82.3479	0	60.2632	76.4039	5.20519	6.18475
20 <pt<25 	5<chiso range<11 	136.731	82.3479	0	62.4391	74.1815	4.52811	5.9753
20 <pt<25 	5<chiso range<12 	136.731	82.3479	0	63.2012	73.3622	4.3009	5.89491
20 <pt<25 	5<chiso range<13 	136.731	82.3479	0	61.7997	74.649	4.71619	6.0028
20 <pt<25 	6<chiso range<11 	136.731	82.3479	0	66.9889	69.4887	3.25458	5.53518
20 <pt<25 	6<chiso range<12 	136.731	82.3479	0	67.3435	69.1013	3.16188	5.49636
20 <pt<25 	6<chiso range<13 	136.731	82.3479	0	65.2166	71.1698	3.72461	5.67601
20 <pt<25 	7<chiso range<12 	136.731	82.3479	0	68.0813	68.4427	2.97527	5.44181
20 <pt<25 	7<chiso range<13 	136.731	82.3479	0	65.3652	71.038	3.68427	5.66509
20 <pt<25 	8<chiso range<13 	136.731	82.3479	0	62.6928	73.7332	4.44604	5.91508
#######################################################################################
25 <pt<30 	3<chiso range<8 	77.1717	42.3503	0	33.3397	45.4013	2.48029	4.78311
25 <pt<30 	3<chiso range<9 	77.1717	42.3503	0	34.3036	44.1842	2.14952	4.61654
25 <pt<30 	3<chiso range<10 	77.1717	42.3503	0	35.1835	43.2505	1.86621	4.4974
25 <pt<30 	3<chiso range<11 	77.1717	42.3503	0	35.383	43.1004	1.80458	4.48105
25 <pt<30 	3<chiso range<12 	77.1717	42.3503	0	34.7056	43.7203	2.0179	4.55572
25 <pt<30 	3<chiso range<13 	77.1717	42.3503	0	33.7379	44.6501	2.33761	4.66962
25 <pt<30 	4<chiso range<9 	77.1717	42.3503	0	34.0089	44.4354	2.24674	4.6452
25 <pt<30 	4<chiso range<10 	77.1717	42.3503	0	35.1253	43.2684	1.88395	4.49736
25 <pt<30 	4<chiso range<11 	77.1717	42.3503	0	35.377	43.0715	1.80598	4.47537
25 <pt<30 	4<chiso range<12 	77.1717	42.3503	0	34.5692	43.8244	2.0615	4.56678
25 <pt<30 	4<chiso range<13 	77.1717	42.3503	0	33.4442	44.917	2.43799	4.70138
25 <pt<30 	5<chiso range<10 	77.1717	42.3503	0	33.0034	45.3199	2.59218	4.7502
25 <pt<30 	5<chiso range<11 	77.1717	42.3503	0	33.6404	44.6994	2.37008	4.67286
25 <pt<30 	5<chiso range<12 	77.1717	42.3503	0	32.86	45.4666	2.64334	4.76848
25 <pt<30 	5<chiso range<13 	77.1717	42.3503	0	31.7087	46.6163	3.07091	4.91255
25 <pt<30 	6<chiso range<11 	77.1717	42.3503	0	35.9686	42.3731	1.6249	4.3844
25 <pt<30 	6<chiso range<12 	77.1717	42.3503	0	34.7005	43.6222	2.01837	4.53866
25 <pt<30 	6<chiso range<13 	77.1717	42.3503	0	33.1046	45.2175	2.55636	4.73753
25 <pt<30 	7<chiso range<12 	77.1717	42.3503	0	37.2393	41.0896	1.25722	4.22638
25 <pt<30 	7<chiso range<13 	77.1717	42.3503	0	34.8772	43.4653	1.96205	4.52013
25 <pt<30 	8<chiso range<13 	77.1717	42.3503	0	34.1318	44.2754	2.20553	4.62451
#######################################################################################
30 <pt<35 	3<chiso range<8 	43.2914	20.7046	0	12.2937	33.0748	4.05693	4.709
30 <pt<35 	3<chiso range<9 	43.2914	20.7046	0	12.579	32.812	3.83073	4.66278
30 <pt<35 	3<chiso range<10 	43.2914	20.7046	0	12.5861	32.7765	3.82567	4.65718
30 <pt<35 	3<chiso range<11 	43.2914	20.7046	0	12.4562	32.9007	3.9274	4.67925
30 <pt<35 	3<chiso range<12 	43.2914	20.7046	0	12.3441	33.0081	4.01679	4.69809
30 <pt<35 	3<chiso range<13 	43.2914	20.7046	0	12.7997	32.5376	3.66407	4.6167
30 <pt<35 	4<chiso range<9 	43.2914	20.7046	0	13.2923	32.0473	3.309	4.53068
30 <pt<35 	4<chiso range<10 	43.2914	20.7046	0	13.2152	32.1078	3.36378	4.54296
30 <pt<35 	4<chiso range<11 	43.2914	20.7046	0	12.9934	32.3288	3.52233	4.58188
30 <pt<35 	4<chiso range<12 	43.2914	20.7046	0	12.8151	32.507	3.6537	4.61316
30 <pt<35 	4<chiso range<13 	43.2914	20.7046	0	13.3159	31.9984	3.29469	4.52574
30 <pt<35 	5<chiso range<10 	43.2914	20.7046	0	12.73	32.5839	3.72076	4.63168
30 <pt<35 	5<chiso range<11 	43.2914	20.7046	0	12.5249	32.7879	3.87829	4.6669
30 <pt<35 	5<chiso range<12 	43.2914	20.7046	0	12.36	32.9551	4.00882	4.69596
30 <pt<35 	5<chiso range<13 	43.2914	20.7046	0	12.9747	32.3407	3.54009	4.59101
30 <pt<35 	6<chiso range<11 	43.2914	20.7046	0	12.4669	32.8546	3.92825	4.68539
30 <pt<35 	6<chiso range<12 	43.2914	20.7046	0	12.279	33.0434	4.07824	4.71735
30 <pt<35 	6<chiso range<13 	43.2914	20.7046	0	13.0005	32.3295	3.52519	4.59571
30 <pt<35 	7<chiso range<12 	43.2914	20.7046	0	13.3004	32.0142	3.30868	4.5344
30 <pt<35 	7<chiso range<13 	43.2914	20.7046	0	14.1246	31.1969	2.77179	4.39575
30 <pt<35 	8<chiso range<13 	43.2914	20.7046	0	13.6832	31.6253	3.04844	4.46256
#######################################################################################
35 <pt<65 	3<chiso range<8 	77.0373	37.5103	0	25.4075	74.4035	3.43135	7.04325
35 <pt<65 	3<chiso range<9 	77.0373	37.5103	0	25.3065	74.5021	3.47346	7.05479
35 <pt<65 	3<chiso range<10 	77.0373	37.5103	0	24.9295	74.8864	3.63477	7.10228
35 <pt<65 	3<chiso range<11 	77.0373	37.5103	0	24.1131	75.7116	4.00106	7.20466
35 <pt<65 	3<chiso range<12 	77.0373	37.5103	0	23.6526	76.1779	4.21966	7.26438
35 <pt<65 	3<chiso range<13 	77.0373	37.5103	0	23.6926	76.1308	4.19991	7.25767
35 <pt<65 	4<chiso range<9 	77.0373	37.5103	0	24.4677	75.3514	3.83895	7.15975
35 <pt<65 	4<chiso range<10 	77.0373	37.5103	0	24.1231	75.6976	3.99654	7.20305
35 <pt<65 	4<chiso range<11 	77.0373	37.5103	0	23.2451	76.5715	4.4193	7.31356
35 <pt<65 	4<chiso range<12 	77.0373	37.5103	0	22.7917	77.0245	4.6511	7.3726
35 <pt<65 	4<chiso range<13 	77.0373	37.5103	0	22.9122	76.8981	4.5882	7.3555
35 <pt<65 	5<chiso range<10 	77.0373	37.5103	0	24.9274	74.8964	3.63573	7.10363
35 <pt<65 	5<chiso range<11 	77.0373	37.5103	0	23.7371	76.0946	4.17839	7.25284
35 <pt<65 	5<chiso range<12 	77.0373	37.5103	0	23.1358	76.7015	4.47532	7.332
35 <pt<65 	5<chiso range<13 	77.0373	37.5103	0	23.2437	76.5809	4.42028	7.31523
35 <pt<65 	6<chiso range<11 	77.0373	37.5103	0	22.1802	77.6076	4.97603	7.44523
35 <pt<65 	6<chiso range<12 	77.0373	37.5103	0	21.7322	78.107	5.22798	7.50531
35 <pt<65 	6<chiso range<13 	77.0373	37.5103	0	22.0096	77.8177	5.07061	7.46797
35 <pt<65 	7<chiso range<12 	77.0373	37.5103	0	21.0338	78.8196	5.64134	7.59553
35 <pt<65 	7<chiso range<13 	77.0373	37.5103	0	21.4522	78.3807	5.38962	7.53885
35 <pt<65 	8<chiso range<13 	77.0373	37.5103	0	21.4782	78.3502	5.37386	7.53433
#######################################################################################
65 <pt<400 	3<chiso range<8 	13.9823	7.26006	0	5.45864	21.5494	0.204162	1.18839
65 <pt<400 	3<chiso range<9 	13.9823	7.26006	0	5.50909	21.5494	0.196627	1.18839
65 <pt<400 	3<chiso range<10 	13.9823	7.26006	0	5.89362	30.6449	0.598193	4.83421
65 <pt<400 	3<chiso range<11 	13.9823	7.26006	0	5.51016	31.0842	0.819288	4.93381
65 <pt<400 	3<chiso range<12 	13.9823	7.26006	0	5.61639	30.9692	0.754631	4.90219
65 <pt<400 	3<chiso range<13 	13.9823	7.26006	0	5.64578	30.9375	0.737192	4.89349
65 <pt<400 	4<chiso range<9 	13.9823	7.26006	0	5.50638	21.5494	0.197028	1.18839
65 <pt<400 	4<chiso range<10 	13.9823	7.26006	0	5.84173	30.6932	0.626404	4.84765
65 <pt<400 	4<chiso range<11 	13.9823	7.26006	0	5.42326	31.17	0.873701	4.95626
65 <pt<400 	4<chiso range<12 	13.9823	7.26006	0	5.54882	31.0354	0.795167	4.91949
65 <pt<400 	4<chiso range<13 	13.9823	7.26006	0	5.58546	30.9966	0.772955	4.90898
65 <pt<400 	5<chiso range<10 	13.9823	7.26006	0	6.08329	30.4748	0.499754	4.79044
65 <pt<400 	5<chiso range<11 	13.9823	7.26006	0	5.52476	31.0798	0.811024	4.93495
65 <pt<400 	5<chiso range<12 	13.9823	7.26006	0	5.66543	30.9229	0.72603	4.89086
65 <pt<400 	5<chiso range<13 	13.9823	7.26006	0	5.69979	30.8846	0.705937	4.88011
65 <pt<400 	6<chiso range<11 	13.9823	7.26006	0	5.37604	31.2545	0.906345	4.98505
65 <pt<400 	6<chiso range<12 	13.9823	7.26006	0	5.57788	31.0204	0.778232	4.91769
65 <pt<400 	6<chiso range<13 	13.9823	7.26006	0	5.62973	30.9607	0.746922	4.90061
65 <pt<400 	7<chiso range<12 	13.9823	7.26006	0	5.58353	31.0146	0.774808	4.91607
65 <pt<400 	7<chiso range<13 	13.9823	7.26006	0	5.64388	30.9453	0.738515	4.89628
65 <pt<400 	8<chiso range<13 	13.9823	7.26006	0	5.09853	31.4841	1.09238	5.03574
#######################################################################################
