fake16=[1.203,1.213,1.233,1.206]

QCD_pdf=[1.013,1.009,1.009,1.011]

SigOut_pdf=[1.040,1.036,1.052,1.048]

QCD_scale=[1.128,1.144,1.143,1.104]

scale_muR1=[1.009,1.021,1.024,1.026]
scale_muF1=[1.119,1.115,1.090,1.078]
scale_muFmuR=[1.111,1.136,1.114,1.104]

QCD_scale_up=[0.989,1.021,1.025,1.028]

QCD_scale_down=[1.007,0.980,0.978,0.975]

SigOut_scale=[1.003,1.029,1.053,1.070]

jes16_ZA-EWKout=[2.000,2.000,2.000,2.000]
jes16_ZA=[1.067,1.178,1.682,2.000]
jes16_TTA=[1.344,1.344,1.344,1.344]
jes16_VV=[1.275,1.275,1.275,1.275]
jes16_ST=[1.526,1.526,1.526,1.526]

jer16_ZA-EWKout=[2.000,2.000,2.000,2.000]
jer16_ZA=[1.080,1.179,1.696,2.000]
jer16_TTA=[1.378,1.378,1.378,1.378]
jer16_VV=[1.326,1.326,1.326,1.326]
jer16_ST=[1.545,1.545,1.545,1.545]

l1pref_ZA=[1.006,1.008,1.007,1.005]
l1pref_ZA-EWK=[1.008,1.011,1.008,1.011]
l1pref_TTA=[1.007,1.006,1.006,1.011]
l1pref_VV=[1.007,1.008,1.001,1.002]
l1pref_ST=[1.005,1.009,1.001,1.012]

interf=[1.17,1.42,1.50,1.21]

genbin1_scale=[1.001,1.009,1.050,1.032]
genbin2_scale=[1.018,1.001,1.007,1.000]
genbin3_scale=[1.000,1.029,1.002,1.021]
genbin4_scale=[1.081,1.000,1.010,1.006]

genbin1_pdf=[1.000,1.005,1.029,1.264]
genbin2_pdf=[1.007,1.001,1.004,1.000]
genbin3_pdf=[1.000,1.016,1.001,1.017]
genbin4_pdf=[1.041,1.000,1.021,1.004]

ele_ZA_ID=[1.023,1.025,1.029,1.059]
ele_ZA-EWK_ID=[1.024,1.027,1.027,1.019]
ele_TTA_ID=[1.027,1.034,1.054,1.007]
ele_VV_ID=[1.004,1.140,1.000,1.000]
ele_ST_ID=[1.000,1.000,1.000,1.000]

ele_ZA_reco=[1.004,1.005,1.005,1.007]
ele_ZA-EWK_reco=[1.004,1.005,1.005,1.005]
ele_TTA_reco=[1.003,1.004,1.003,1.004]
ele_VV_reco=[1.002,1.013,1.000,1.000]
ele_ST_reco=[1.000,1.000,1.000,1.000]

muon_ZA_all=[1.016,1.015,1.017,1.016]
muon_ZA-EWK_all=[1.014,1.015,1.016,1.017]
muon_TTA_all=[1.013,1.014,1.023,1.021]
muon_VV_all=[1.017,1.014,1.000,1.015]
muon_ST_all=[1.000,1.000,1.000,1.000]

muon_ZA_trigger=[1.005,1.004,1.004,1.004]
muon_ZA-EWK_trigger=[1.004,1.004,1.004,1.004]
muon_TTA_trigger=[1.004,1.005,1.001,1.003]
muon_VV_trigger=[1.004,1.006,1.000,1.006]
muon_ST_trigger=[1.000,1.000,1.000,1.000]

photon_ZA_ID=[1.024,1.027,1.029,1.031]
photon_ZA-EWK_ID=[1.022,1.025,1.030,1.034]
photon_TTA_ID=[1.029,1.027,1.031,1.050]
photon_VV_ID=[1.018,1.026,1.000,1.030]
photon_ST_ID=[1.000,1.000,1.000,1.000]

pileup_ZA=[1.00,1.01,1.01,1.01]
pileup_ZA-EWK=[1.00,1.01,1.01,1.01]
pileup_TTA=[1.01,1.01,1.07,1.04]
pileup_VV=[1.07,1.03,1.00,1.10]
pileup_ST=[1.00,1.00,1.00,1.00]

genbin1_pref=[1.008,1.011,1.000,1.002]
genbin2_pref=[1.011,1.011,1.012,1.000]
genbin3_pref=[1.000,1.012,1.011,1.010]
genbin4_pref=[1.289,1.000,1.009,1.011]

genbin1_interf=[1.160,1.372,1.000,1.000]
genbin2_interf=[1.445,1.439,1.366,1.000]
genbin3_interf=[1.000,1.000,1.530,1.364]
genbin4_interf=[1.000,1.000,1.337,1.207]

genbin1_pu=[1.006,1.011,1.110,1.206]
genbin2_pu=[1.000,1.003,1.000,1.000]
genbin3_pu=[1.000,1.014,1.001,1.007]
genbin4_pu=[1.040,1.000,1.124,1.003]

genbin1_jes=[1.046,1.173,2.000,1.000]
genbin2_jes=[1.021,1.098,1.259,1.000]
genbin3_jes=[1.000,1.060,1.133,1.308]
genbin4_jes=[1.000,1.000,1.026,1.218]

genbin1_jer=[1.061,1.177,2.000,1.000]
genbin2_jer=[1.023,1.106,1.269,1.000]
genbin3_jer=[1.000,1.061,1.136,1.308]
genbin4_jer=[1.000,1.000,1.026,1.219]

ZA_eff=[1.004,1.002,1.001,1.002]
ZA-EWKout_eff=[1.005,1.003,1.002,1.002]
TTA_eff=[1.001,1.000,1.001,1.000]
ST_eff=[1.000,1.000,1.000,1.000]
VV_eff=[1.003,1.002,1.000,1.000]

ZA_mis=[1.096,1.003,1.006,1.000]
ZA-EWKout_mis=[1.055,1.014,1.046,1.058]
TTA_mis=[1.022,1.000,1.002,1.000]
ST_mis=[1.000,1.000,1.000,1.000]
VV_mis=[1.038,1.000,1.000,1.000]

genbin1_eff=[1.002,1.001,1.000,1.000]
genbin2_eff=[1.001,1.001,1.001,1.000]
genbin3_eff=[1.000,1.001,1.001,1.001]
genbin4_eff=[1.000,1.000,1.002,1.001]

genbin1_mis=[1.017,1.000,1.000,1.000]
genbin2_mis=[1.002,1.001,1.000,1.000]
genbin3_mis=[1.000,1.000,1.000,1.000]
genbin4_mis=[1.000,1.000,1.000,1.000]

