fake17=[1.190,1.199,1.220,1.234]

QCD_pdf=[1.012,1.011,1.011,1.010]

SigOut_pdf=[1.002,1.002,1.001,1.002]

QCD_scale=[1.164,1.134,1.112,1.123]

scale_muR1=[1.001,1.003,1.013,1.040]
scale_muF1=[1.160,1.131,1.099,1.082]
scale_muFmuR=[1.163,1.134,1.112,1.123]

QCD_scale_up=[0.999,1.002,1.014,1.044]

QCD_scale_down=[0.996,0.997,0.988,0.964]

SigOut_scale=[1.009,1.019,1.036,1.062]

jes17_ZA-EWKout=[1.154,1.166,1.132,1.166]
jes17_ZA=[1.281,1.205,1.171,1.069]
jes17_TTA=[1.523,1.523,1.523,1.523]
jes17_VV=[1.800,1.800,1.800,1.800]
jes17_ST=[1.019,1.019,1.019,1.000]

jer17_ZA-EWKout=[1.201,1.196,1.239,1.175]
jer17_ZA=[1.247,1.170,1.168,1.087]
jer17_TTA=[1.716,1.716,1.716,1.716]
jer17_VV=[1.559,1.559,1.559,1.559]
jer17_ST=[1.095,1.095,1.095,1.000]

l1pref_ZA=[1.010,1.011,1.012,1.011]
l1pref_ZA-EWK=[1.014,1.016,1.017,1.016]
l1pref_TTA=[1.009,1.008,1.009,1.008]
l1pref_VV=[1.010,1.016,1.007,1.016]
l1pref_ST=[1.008,1.010,1.000,1.000]

interf=[1.19,1.20,1.07,0.96]

genbin1_scale=[1.000,1.000,1.016,1.000]
genbin2_scale=[1.017,1.000,1.001,1.000]
genbin3_scale=[1.000,1.010,1.000,1.006]
genbin4_scale=[1.000,1.000,1.006,1.000]

genbin1_pdf=[1.000,1.001,1.007,1.000]
genbin2_pdf=[1.001,1.000,1.001,1.000]
genbin3_pdf=[1.000,1.001,1.000,1.004]
genbin4_pdf=[1.000,1.000,1.001,1.000]

ele_ZA_ID=[1.029,1.035,1.038,1.050]
ele_ZA-EWK_ID=[1.036,1.034,1.043,1.048]
ele_TTA_ID=[1.028,1.022,1.054,1.107]
ele_VV_ID=[1.050,1.021,1.035,1.061]
ele_ST_ID=[1.009,1.009,1.000,1.000]

ele_ZA_reco=[1.004,1.005,1.004,1.005]
ele_ZA-EWK_reco=[1.004,1.004,1.004,1.004]
ele_TTA_reco=[1.004,1.003,1.005,1.007]
ele_VV_reco=[1.004,1.005,1.005,1.006]
ele_ST_reco=[1.003,1.004,1.000,1.000]

muon_ZA_all=[1.008,1.008,1.008,1.007]
muon_ZA-EWK_all=[1.007,1.008,1.007,1.007]
muon_TTA_all=[1.008,1.009,1.006,1.007]
muon_VV_all=[1.007,1.011,1.009,1.008]
muon_ST_all=[1.007,1.007,1.005,1.000]

muon_ZA_trigger=[1.010,1.007,1.005,1.001]
muon_ZA-EWK_trigger=[1.000,1.000,1.000,1.002]
muon_TTA_trigger=[1.002,1.001,1.000,1.003]
muon_VV_trigger=[1.003,1.001,1.001,1.009]
muon_ST_trigger=[1.004,1.000,1.003,1.000]

photon_ZA_ID=[1.021,1.034,1.059,1.118]
photon_ZA-EWK_ID=[1.021,1.035,1.059,1.116]
photon_TTA_ID=[1.021,1.029,1.055,1.098]
photon_VV_ID=[1.020,1.030,1.048,1.118]
photon_ST_ID=[1.023,1.025,1.062,1.000]

pileup_ZA=[1.00,1.00,1.00,1.02]
pileup_ZA-EWK=[1.01,1.01,1.00,1.01]
pileup_TTA=[1.00,1.02,1.02,1.10]
pileup_VV=[1.04,1.01,1.09,1.05]
pileup_ST=[1.02,1.11,1.03,1.00]

genbin1_pref=[1.013,1.021,1.000,1.000]
genbin2_pref=[1.013,1.015,1.015,1.000]
genbin3_pref=[1.000,1.021,1.015,1.035]
genbin4_pref=[1.000,1.000,1.015,1.015]

genbin1_interf=[1.192,1.107,1.000,1.000]
genbin2_interf=[1.255,1.191,1.359,1.000]
genbin3_interf=[1.000,1.610,1.072,1.312]
genbin4_interf=[1.000,1.000,1.000,1.000]

genbin1_pu=[1.009,1.010,1.271,1.000]
genbin2_pu=[1.026,1.011,1.035,1.000]
genbin3_pu=[1.000,1.032,1.003,1.039]
genbin4_pu=[1.000,1.000,1.030,1.005]

genbin1_jes=[1.114,1.123,1.000,1.000]
genbin2_jes=[1.131,1.095,1.119,1.000]
genbin3_jes=[1.000,1.090,1.087,1.084]
genbin4_jes=[1.000,1.000,1.036,1.066]

genbin1_jer=[1.125,1.114,1.000,1.000]
genbin2_jer=[1.132,1.098,1.119,1.000]
genbin3_jer=[1.000,1.047,1.091,1.076]
genbin4_jer=[1.000,1.000,1.041,1.066]

ZA_eff=[1.010,1.007,1.005,1.002]
ZA-EWKout_eff=[1.008,1.006,1.004,1.004]
TTA_eff=[1.001,1.001,1.001,1.000]
ST_eff=[1.005,1.002,1.000,1.000]
VV_eff=[1.021,1.003,1.002,1.019]

ZA_mis=[1.183,1.145,1.102,1.023]
ZA-EWKout_mis=[1.015,1.018,1.034,1.001]
TTA_mis=[1.054,1.003,1.064,1.019]
ST_mis=[1.035,1.000,1.000,1.000]
VV_mis=[1.124,1.013,1.173,1.438]

genbin1_eff=[1.003,1.003,1.002,1.000]
genbin2_eff=[1.004,1.003,1.006,1.000]
genbin3_eff=[1.000,1.001,1.002,1.003]
genbin4_eff=[1.000,1.000,1.002,1.001]

genbin1_mis=[1.001,1.000,1.000,1.000]
genbin2_mis=[1.000,1.003,1.000,1.000]
genbin3_mis=[1.000,1.006,1.000,1.000]
genbin4_mis=[1.000,1.000,1.000,1.000]

