fake17=[1.189,1.380,1.388,1.376]

QCD_pdf=[1.012,1.010,1.010,1.019]

SigOut_pdf=[1.001,1.003,1.002,1.002]

QCD_scale=[1.143,1.127,1.138,1.096]

scale_muR1=[1.001,1.008,1.011,1.008]
scale_muF1=[1.138,1.119,1.126,1.089]
scale_muFmuR=[1.139,1.127,1.138,1.096]

QCD_scale_up=[0.998,1.008,1.012,1.010]

QCD_scale_down=[0.997,0.993,0.990,0.995]

SigOut_scale=[1.006,1.026,1.035,1.056]

jes17_ZA-EWKout=[1.109,1.138,1.098,1.065]
jes17_ZA=[1.243,1.195,1.208,1.089]
jes17_TTA=[1.077,1.077,1.077,1.077]
jes17_VV=[1.087,1.087,1.087,1.087]
jes17_ST=[1.025,1.025,1.025,1.025]

jer17_ZA-EWKout=[1.129,1.182,1.148,1.028]
jer17_ZA=[1.214,1.199,1.201,1.092]
jer17_TTA=[1.065,1.065,1.065,1.065]
jer17_VV=[1.033,1.033,1.033,1.033]
jer17_ST=[1.045,1.045,1.045,1.045]

l1pref_ZA=[1.009,1.010,1.012,1.013]
l1pref_ZA-EWK=[1.013,1.015,1.019,1.014]
l1pref_TTA=[1.009,1.009,1.010,1.009]
l1pref_VV=[1.010,1.009,1.022,1.003]
l1pref_ST=[1.009,1.005,1.015,1.044]

interf=[1.16,1.18,1.12,1.17]

genbin1_scale=[1.000,1.015,1.000,1.000]
genbin2_scale=[1.017,1.000,1.029,1.000]
genbin3_scale=[1.004,1.005,1.000,1.028]
genbin4_scale=[1.057,1.000,1.010,1.000]

genbin1_pdf=[1.000,1.006,1.003,1.000]
genbin2_pdf=[1.001,1.000,1.005,1.000]
genbin3_pdf=[1.003,1.002,1.000,1.002]
genbin4_pdf=[1.014,1.000,1.004,1.000]

ele_ZA_ID=[1.034,1.047,1.042,1.043]
ele_ZA-EWK_ID=[1.037,1.030,1.047,1.047]
ele_TTA_ID=[1.028,1.064,1.049,1.039]
ele_VV_ID=[1.027,1.009,1.264,1.028]
ele_ST_ID=[1.012,1.006,1.000,1.000]

ele_ZA_reco=[1.004,1.005,1.004,1.004]
ele_ZA-EWK_reco=[1.004,1.004,1.004,1.004]
ele_TTA_reco=[1.004,1.006,1.004,1.005]
ele_VV_reco=[1.005,1.004,1.007,1.005]
ele_ST_reco=[1.003,1.003,1.000,1.000]

muon_ZA_all=[1.010,1.008,1.008,1.007]
muon_ZA-EWK_all=[1.009,1.008,1.008,1.006]
muon_TTA_all=[1.010,1.008,1.005,1.008]
muon_VV_all=[1.011,1.007,1.011,1.007]
muon_ST_all=[1.008,1.005,1.004,1.000]

muon_ZA_trigger=[1.040,1.028,1.016,1.011]
muon_ZA-EWK_trigger=[1.004,1.001,1.000,1.000]
muon_TTA_trigger=[1.006,1.005,1.007,1.006]
muon_VV_trigger=[1.037,1.071,1.013,1.005]
muon_ST_trigger=[1.060,1.004,1.005,1.000]

photon_ZA_ID=[1.022,1.036,1.060,1.118]
photon_ZA-EWK_ID=[1.023,1.036,1.058,1.117]
photon_TTA_ID=[1.021,1.039,1.056,1.118]
photon_VV_ID=[1.023,1.039,1.052,1.121]
photon_ST_ID=[1.023,1.023,1.054,1.000]

pileup_ZA=[1.00,1.00,1.01,1.02]
pileup_ZA-EWK=[1.01,1.00,1.02,1.01]
pileup_TTA=[1.01,1.01,1.03,1.02]
pileup_VV=[1.03,1.06,1.09,1.10]
pileup_ST=[1.09,1.07,1.03,1.00]

genbin1_pref=[1.013,1.003,1.000,1.000]
genbin2_pref=[1.029,1.016,1.055,1.000]
genbin3_pref=[1.003,1.023,1.017,1.000]
genbin4_pref=[1.005,1.000,1.054,1.017]

genbin1_interf=[1.156,2.213,1.000,1.000]
genbin2_interf=[1.041,1.179,1.046,1.000]
genbin3_interf=[3.208,1.000,1.126,1.000]
genbin4_interf=[1.000,1.000,1.000,1.103]

genbin1_pu=[1.009,1.045,1.000,1.000]
genbin2_pu=[1.028,1.006,1.013,1.000]
genbin3_pu=[1.057,1.009,1.020,1.104]
genbin4_pu=[1.048,1.000,1.176,1.006]

genbin1_jes=[1.101,1.046,1.000,1.000]
genbin2_jes=[1.076,1.080,1.197,1.000]
genbin3_jes=[1.065,1.143,1.081,1.000]
genbin4_jes=[1.000,1.000,1.000,1.083]

genbin1_jer=[1.107,1.046,1.000,1.000]
genbin2_jer=[1.066,1.094,1.197,1.000]
genbin3_jer=[1.065,1.143,1.094,1.000]
genbin4_jer=[1.000,1.000,1.000,1.089]

ZA_eff=[1.011,1.008,1.008,1.009]
ZA-EWKout_eff=[1.016,1.025,1.003,1.005]
TTA_eff=[1.004,1.004,1.002,1.002]
ST_eff=[1.007,1.000,1.000,1.000]
VV_eff=[1.008,1.011,1.020,1.028]

ZA_mis=[1.121,1.044,1.084,1.011]
ZA-EWKout_mis=[1.063,1.004,1.037,1.028]
TTA_mis=[1.002,1.021,1.014,1.017]
ST_mis=[1.066,1.000,1.000,1.000]
VV_mis=[1.139,1.170,1.000,1.000]

genbin1_eff=[1.003,1.003,1.000,1.000]
genbin2_eff=[1.006,1.007,1.023,1.000]
genbin3_eff=[1.005,1.004,1.007,1.000]
genbin4_eff=[1.000,1.000,1.000,1.005]

genbin1_mis=[1.016,1.000,1.000,1.000]
genbin2_mis=[1.000,1.003,1.000,1.000]
genbin3_mis=[1.000,1.000,1.006,1.000]
genbin4_mis=[1.000,1.000,1.000,1.001]

