fake18=[1.162,1.239,1.251,1.205]

QCD_pdf=[1.012,1.010,1.010,1.018]

SigOut_pdf=[1.002,1.002,1.001,1.005]

QCD_scale=[1.131,1.128,1.126,1.113]

scale_muR1=[1.002,1.011,1.007,1.018]
scale_muF1=[1.128,1.116,1.119,1.096]
scale_muFmuR=[1.127,1.128,1.126,1.113]

QCD_scale_up=[0.996,1.012,1.008,1.021]

QCD_scale_down=[1.000,0.989,0.994,0.985]

SigOut_scale=[1.013,1.028,1.047,1.077]

jes18_ZA-EWKout=[1.022,1.046,1.027,1.046]
jes18_ZA=[1.123,1.090,1.091,1.073]
jes18_TTA=[1.036,1.036,1.036,1.036]
jes18_VV=[1.058,1.058,1.058,1.058]
jes18_ST=[1.058,1.058,1.058,1.058]

jer18_ZA-EWKout=[1.066,1.099,1.056,1.095]
jer18_ZA=[1.091,1.075,1.041,1.058]
jer18_TTA=[1.022,1.022,1.022,1.022]
jer18_VV=[1.048,1.048,1.048,1.048]
jer18_ST=[1.079,1.079,1.079,1.079]

interf=[1.18,1.22,1.20,1.17]

genbin1_scale=[1.000,1.013,1.003,1.026]
genbin2_scale=[1.011,1.000,1.006,1.000]
genbin3_scale=[1.033,1.000,1.000,1.009]
genbin4_scale=[1.079,1.000,1.007,1.000]

genbin1_pdf=[1.000,1.002,1.007,1.003]
genbin2_pdf=[1.001,1.000,1.002,1.000]
genbin3_pdf=[1.002,1.002,1.000,1.003]
genbin4_pdf=[1.004,1.000,1.002,1.000]

ele_ZA_ID=[1.029,1.036,1.024,1.033]
ele_ZA-EWK_ID=[1.028,1.020,1.030,1.037]
ele_TTA_ID=[1.032,1.036,1.063,1.152]
ele_VV_ID=[1.028,1.008,1.013,1.000]
ele_ST_ID=[1.063,1.016,1.000,1.023]

ele_ZA_reco=[1.001,1.004,1.003,1.004]
ele_ZA-EWK_reco=[1.001,1.003,1.004,1.003]
ele_TTA_reco=[1.001,1.003,1.003,1.005]
ele_VV_reco=[1.001,1.004,1.004,1.000]
ele_ST_reco=[1.001,1.002,1.000,1.002]

muon_ZA_all=[1.002,1.002,1.002,1.002]
muon_ZA-EWK_all=[1.002,1.002,1.002,1.002]
muon_TTA_all=[1.002,1.002,1.002,1.002]
muon_VV_all=[1.002,1.002,1.003,1.001]
muon_ST_all=[1.002,1.002,1.002,1.000]

muon_ZA_trigger=[1.005,1.005,1.005,1.005]
muon_ZA-EWK_trigger=[1.005,1.005,1.005,1.005]
muon_TTA_trigger=[1.005,1.005,1.004,1.004]
muon_VV_trigger=[1.005,1.005,1.004,1.005]
muon_ST_trigger=[1.005,1.004,1.006,1.000]

photon_ZA_ID=[1.027,1.022,1.026,1.064]
photon_ZA-EWK_ID=[1.026,1.022,1.027,1.066]
photon_TTA_ID=[1.026,1.020,1.027,1.062]
photon_VV_ID=[1.028,1.022,1.027,1.057]
photon_ST_ID=[1.031,1.020,1.028,1.058]

pileup_ZA=[1.09,1.10,1.07,1.10]
pileup_ZA-EWK=[1.07,1.08,1.07,1.07]
pileup_TTA=[1.07,1.02,1.17,1.04]
pileup_VV=[1.09,1.06,1.14,1.09]
pileup_ST=[1.06,1.05,1.43,1.08]

genbin1_interf=[1.186,1.485,1.000,1.000]
genbin2_interf=[1.000,1.220,1.000,1.000]
genbin3_interf=[1.000,1.468,1.214,1.000]
genbin4_interf=[1.000,1.000,1.000,1.201]

genbin1_pu=[1.068,1.024,1.080,1.257]
genbin2_pu=[1.080,1.080,1.053,1.000]
genbin3_pu=[1.128,1.108,1.079,1.088]
genbin4_pu=[1.289,1.000,1.092,1.076]

genbin1_jes=[1.016,1.183,1.000,1.000]
genbin2_jes=[1.075,1.016,1.240,1.000]
genbin3_jes=[1.000,1.000,1.024,1.000]
genbin4_jes=[1.452,1.000,1.353,1.013]

genbin1_jer=[1.014,1.185,1.000,1.000]
genbin2_jer=[1.026,1.010,1.120,1.000]
genbin3_jer=[1.000,1.000,1.026,1.000]
genbin4_jer=[1.000,1.000,1.353,1.007]

