fake18=[1.160,1.180,1.166,1.190]

QCD_pdf=[1.012,1.011,1.011,1.010]

SigOut_pdf=[1.002,1.001,1.003,1.002]

QCD_scale=[1.143,1.122,1.113,1.087]

scale_muR1=[1.005,1.004,1.016,1.021]
scale_muF1=[1.137,1.117,1.096,1.066]
scale_muFmuR=[1.133,1.122,1.113,1.087]

QCD_scale_up=[0.992,1.004,1.018,1.023]

QCD_scale_down=[1.002,0.995,0.986,0.981]

SigOut_scale=[1.007,1.024,1.039,1.059]

jes18_ZA-EWKout=[1.032,1.009,1.015,1.035]
jes18_ZA=[1.146,1.079,1.053,1.068]
jes18_TTA=[1.036,1.036,1.036,1.036]
jes18_VV=[1.058,1.058,1.058,1.058]
jes18_ST=[1.058,1.058,1.058,1.058]

jer18_ZA-EWKout=[1.082,1.054,1.069,1.089]
jer18_ZA=[1.110,1.059,1.036,1.022]
jer18_TTA=[1.022,1.022,1.022,1.022]
jer18_VV=[1.048,1.048,1.048,1.048]
jer18_ST=[1.079,1.079,1.079,1.079]

interf=[1.20,1.23,1.18,0.91]

genbin1_scale=[1.000,1.006,1.015,1.000]
genbin2_scale=[1.001,1.000,1.001,1.029]
genbin3_scale=[1.009,1.006,1.000,1.010]
genbin4_scale=[1.000,1.000,1.012,1.000]

genbin1_pdf=[1.000,1.001,1.002,1.000]
genbin2_pdf=[1.001,1.000,1.001,1.003]
genbin3_pdf=[1.003,1.001,1.000,1.002]
genbin4_pdf=[1.000,1.000,1.003,1.000]

ele_ZA_ID=[1.026,1.032,1.029,1.024]
ele_ZA-EWK_ID=[1.024,1.025,1.036,1.047]
ele_TTA_ID=[1.034,1.039,1.011,1.393]
ele_VV_ID=[1.045,1.009,1.011,1.011]
ele_ST_ID=[1.084,1.013,1.000,1.012]

ele_ZA_reco=[1.001,1.004,1.004,1.004]
ele_ZA-EWK_reco=[1.001,1.003,1.004,1.004]
ele_TTA_reco=[1.001,1.003,1.003,1.005]
ele_VV_reco=[1.001,1.003,1.003,1.002]
ele_ST_reco=[1.001,1.002,1.000,1.002]

muon_ZA_all=[1.002,1.002,1.002,1.002]
muon_ZA-EWK_all=[1.002,1.002,1.002,1.002]
muon_TTA_all=[1.002,1.002,1.003,1.001]
muon_VV_all=[1.002,1.002,1.002,1.002]
muon_ST_all=[1.001,1.002,1.002,1.000]

muon_ZA_trigger=[1.005,1.005,1.005,1.005]
muon_ZA-EWK_trigger=[1.005,1.005,1.005,1.005]
muon_TTA_trigger=[1.005,1.005,1.005,1.005]
muon_VV_trigger=[1.005,1.005,1.005,1.006]
muon_ST_trigger=[1.004,1.005,1.007,1.000]

photon_ZA_ID=[1.016,1.021,1.026,1.066]
photon_ZA-EWK_ID=[1.016,1.022,1.027,1.066]
photon_TTA_ID=[1.015,1.020,1.028,1.064]
photon_VV_ID=[1.017,1.021,1.026,1.068]
photon_ST_ID=[1.020,1.019,1.026,1.062]

pileup_ZA=[1.10,1.09,1.07,1.09]
pileup_ZA-EWK=[1.07,1.07,1.08,1.07]
pileup_TTA=[1.07,1.06,1.14,1.16]
pileup_VV=[1.09,1.10,1.04,1.07]
pileup_ST=[1.03,1.13,1.13,1.46]

genbin1_interf=[1.200,1.335,1.000,1.000]
genbin2_interf=[1.376,1.221,1.373,1.000]
genbin3_interf=[1.000,1.404,1.166,1.000]
genbin4_interf=[1.000,1.000,1.529,1.000]

genbin1_pu=[1.072,1.087,1.074,1.000]
genbin2_pu=[1.067,1.063,1.025,1.090]
genbin3_pu=[1.098,1.128,1.076,1.037]
genbin4_pu=[1.000,1.000,1.044,1.068]

genbin1_jes=[1.016,1.015,1.000,1.000]
genbin2_jes=[1.046,1.017,1.035,1.000]
genbin3_jes=[1.000,1.065,1.020,1.000]
genbin4_jes=[1.000,1.000,1.000,1.009]

genbin1_jer=[1.013,1.000,1.000,1.000]
genbin2_jer=[1.030,1.018,1.000,1.000]
genbin3_jer=[1.000,1.000,1.013,1.000]
genbin4_jer=[1.000,1.000,1.000,1.009]

