pt: 20 ~ 25
*	3	4	5	6	7	8
8	0.19
9	0.19	0.17
10	0.21	0.20	0.27
11	0.20	0.19	0.24	0.19
12	0.20	0.18	0.23	0.18	0.17
13	0.211	0.202	0.250	0.208	0.206	0.239
############################################################
pt: 25 ~ 30
*	3	4	5	6	7	8
8	0.21
9	0.19	0.20
10	0.17	0.17	0.22
11	0.16	0.16	0.21	0.15
12	0.18	0.18	0.22	0.18	0.12
13	0.203	0.210	0.251	0.218	0.176	0.194
############################################################
pt: 30 ~ 35
*	3	4	5	6	7	8
8	0.41
9	0.39	0.36
10	0.39	0.36	0.39
11	0.40	0.37	0.40	0.40
12	0.40	0.38	0.40	0.41	0.36
13	0.382	0.357	0.373	0.372	0.318	0.339
############################################################
pt: 35 ~ 65
*	3	4	5	6	7	8
8	0.32
9	0.33	0.35
10	0.34	0.36	0.34
11	0.36	0.38	0.37	0.41
12	0.37	0.39	0.38	0.42	0.44
13	0.368	0.389	0.380	0.413	0.428	0.427
############################################################
pt: 65 ~ 400
*	3	4	5	6	7	8
8	0.25
9	0.24	0.24
10	0.19	0.20	0.16
11	0.24	0.25	0.24	0.26
12	0.23	0.24	0.22	0.23	0.23
13	0.222	0.231	0.215	0.225	0.223	0.298
############################################################
