pt: 20 ~ 25
*	3	4	5	6	7	8
8	2.19
9	2.12	2.08
10	2.23	2.20	2.08
11	2.09	2.03	1.94	1.50
12	2.12	2.08	2.01	1.67	1.35
13	2.043	1.998	1.931	1.605	1.261	0.599
############################################################
pt: 25 ~ 30
*	3	4	5	6	7	8
8	1.11
9	0.95	0.50
10	1.30	0.81	1.07
11	1.40	0.97	0.88	1.05
12	1.31	0.93	0.77	0.93	1.21
13	1.247	0.893	0.810	0.865	0.702	0.933
############################################################
pt: 30 ~ 40
*	3	4	5	6	7	8
8	0.20
9	0.29	0.27
10	0.43	0.44	0.39
11	0.43	0.45	0.42	0.31
12	0.62	0.66	0.65	0.64	0.47
13	0.409	0.431	0.392	0.326	0.138	0.399
############################################################
pt: 40 ~ 50
*	3	4	5	6	7	8
8	0.57
9	0.42	0.52
10	0.54	0.66	0.35
11	0.50	0.63	0.39	0.23
12	0.57	0.64	0.71	0.38	0.28
13	0.335	0.496	0.418	0.197	0.169	0.444
############################################################
pt: 50 ~ 70
*	3	4	5	6	7	8
8	0.64
9	0.51	0.60
10	0.49	0.62	0.65
11	0.54	0.55	0.61	0.46
12	0.41	0.41	0.43	0.22	0.77
13	0.334	0.305	0.375	0.368	0.700	0.517
############################################################
pt: 70 ~ 400
*	3	4	5	6	7	8
8	0.68
9	0.62	1.24
10	0.91	1.49	1.87
11	0.39	0.89	0.93	0.24
12	0.49	0.93	1.04	0.40	0.46
13	0.310	0.656	0.723	0.107	0.207	0.058
############################################################
