jes18_ZA=[1.25,1.17,1.33,1.48,1.47,1.31,1.92]
jes18_ZA-EWK=[1.01,1.04,1.14,1.11,1.03,1.11,1.06]
jes18_ZA-EWKout=[1.02,1.05,1.15,1.07,1.06,1.12,1.09]
jes18_TTA=[1.22,1.22,1.22,1.22,1.22,1.22,1.22]
jes18_VV=[1.83,1.83,1.83,1.83,1.83,1.00,1.83]
jes18_ST=[2.08,1.00,1.00,1.00,1.00,1.00,1.00]
jes18_ZA_JESR18=[1.28,1.21,1.23,1.50,1.64,1.48,1.86]
jes18_ZA_JESR18=[1.28,1.21,1.23,1.50,1.64,1.48,1.86]
jes18_ZA_JESR18=[1.28,1.21,1.23,1.50,1.64,1.48,1.86]
jes18_ZA_JESR18=[1.28,1.21,1.23,1.50,1.64,1.48,1.86]
jes18_ZA_JESR18=[1.28,1.21,1.23,1.50,1.64,1.48,1.86]
