jes17_ZA=[1.24,1.10,1.32,1.51,1.62,1.48,1.79]
jes17_ZA-EWK=[1.02,1.06,1.05,1.18,1.06,1.09,1.15]
jes17_TTA=[1.16,1.16,1.16,1.16,1.16,1.00,1.16]
jes17_VV=[1.20,1.20,1.20,1.20,1.20,1.20,1.20]
jes17_ST=[1.34,1.34,1.00,1.34,1.00,1.00,1.00]
jes17_ZA=[1.24,1.10,1.32,1.51,1.62,1.48,1.79]
jes17_ZA-EWK=[1.02,1.06,1.05,1.18,1.06,1.09,1.15]
jes17_TTA=[1.16,1.16,1.16,1.16,1.16,1.00,1.16]
jes17_VV=[1.20,1.20,1.20,1.20,1.20,1.20,1.20]
jes17_ST=[1.34,1.34,1.00,1.34,1.00,1.00,1.00]
jes17_ZA=[1.24,1.10,1.32,1.51,1.62,1.48,1.79]
jes17_ZA-EWK=[1.02,1.06,1.05,1.18,1.06,1.09,1.15]
jes17_TTA=[1.16,1.16,1.16,1.16,1.16,1.00,1.16]
jes17_VV=[1.20,1.20,1.20,1.20,1.20,1.20,1.20]
jes17_ST=[1.34,1.34,1.00,1.34,1.00,1.00,1.00]
jes17_ZA=[1.28,1.12,1.25,1.44,1.40,1.46,1.56]
jes17_ZA-EWK=[1.05,1.04,1.06,1.22,1.16,1.09,1.21]
jes17_TTA=[1.10,1.10,1.10,1.10,1.10,1.00,1.10]
jes17_VV=[1.55,1.55,1.55,1.55,1.55,1.55,1.55]
jes17_ST=[1.33,1.33,1.00,1.33,1.00,1.00,1.00]
