jes16_ZA=[1.10,1.06,1.13,1.18,1.34,1.15,1.23]
jes16_ZA-EWK=[1.01,1.00,1.05,1.05,1.03,1.05,1.03]
jes16_TTA=[1.04,1.04,1.04,1.04,1.04,1.04,1.04]
jes16_VV=[1.12,1.00,1.00,1.12,1.12,1.00,1.00]
jes16_ST=[1.53,1.00,1.00,1.00,1.00,1.00,1.00]
jes16_ZA=[1.10,1.06,1.13,1.18,1.34,1.15,1.23]
jes16_ZA-EWK=[1.01,1.00,1.05,1.05,1.03,1.05,1.03]
jes16_TTA=[1.04,1.04,1.04,1.04,1.04,1.04,1.04]
jes16_VV=[1.12,1.00,1.00,1.12,1.12,1.00,1.00]
jes16_ST=[1.53,1.00,1.00,1.00,1.00,1.00,1.00]
jes16_ZA=[1.10,1.06,1.13,1.18,1.34,1.15,1.23]
jes16_ZA-EWK=[1.01,1.00,1.05,1.06,1.02,1.05,1.03]
jes16_TTA=[1.04,1.04,1.04,1.04,1.04,1.04,1.04]
jes16_VV=[1.12,1.00,1.00,1.12,1.12,1.00,1.00]
jes16_ST=[1.53,1.00,1.00,1.00,1.00,1.00,1.00]
