pt: 20 ~ 25
*	3	4	5	6	7	8
8	2.13
9	1.72	1.87
10	1.78	1.92	2.29
11	1.32	1.37	1.62	1.23
12	1.33	1.38	1.61	1.26	0.79
13	1.251	1.287	1.493	1.157	0.725	0.143
############################################################
pt: 25 ~ 30
*	3	4	5	6	7	8
8	0.71
9	0.80	0.25
10	1.03	0.61	0.50
11	0.87	0.47	0.34	0.67
12	0.74	0.35	0.21	0.47	0.86
13	0.616	0.235	0.085	0.296	0.599	0.490
############################################################
pt: 30 ~ 40
*	3	4	5	6	7	8
8	0.57
9	0.30	0.36
10	0.06	0.05	0.04
11	0.10	0.10	0.11	0.05
12	0.07	0.09	0.12	0.21	0.18
13	0.170	0.181	0.194	0.168	0.285	0.305
############################################################
pt: 40 ~ 50
*	3	4	5	6	7	8
8	0.65
9	0.43	0.75
10	0.58	0.89	0.53
11	0.70	1.02	0.66	0.34
12	0.86	1.17	0.87	0.65	0.60
13	0.859	1.158	0.878	0.671	0.637	1.038
############################################################
pt: 50 ~ 70
*	3	4	5	6	7	8
8	0.85
9	0.57	0.57
10	0.49	0.47	0.26
11	0.57	0.57	0.41	0.39
12	0.44	0.42	0.25	0.20	0.33
13	0.333	0.300	0.126	0.063	0.140	0.384
############################################################
pt: 70 ~ 400
*	3	4	5	6	7	8
8	1.13
9	1.16	1.72
10	1.15	1.63	2.61
11	0.84	1.21	1.76	0.79
12	0.89	1.23	1.71	0.88	0.98
13	0.706	0.975	1.330	0.617	0.653	0.285
############################################################
