pt range	chiso range	DataNumber	FakeNumber	TrueNumber	fitFake_number	fitTrue_number	closureFake_test	closureTrue_test
#######################################################################################
20 <pt<25 	3<chiso range<8 	113.589	47.8182	32.3912	38.2566	6.95283e-310	1.80916	inf
20 <pt<25 	3<chiso range<9 	113.589	47.8182	32.3912	38.528	6.95283e-310	1.80676	inf
20 <pt<25 	3<chiso range<10 	113.589	47.8182	32.3912	36.355	6.95283e-310	2.44713	inf
20 <pt<25 	3<chiso range<11 	113.589	47.8182	32.3912	36.5886	6.95283e-310	2.43481	inf
20 <pt<25 	3<chiso range<12 	113.589	47.8182	32.3912	36.3517	6.95283e-310	2.55212	inf
20 <pt<25 	3<chiso range<13 	113.589	47.8182	32.3912	35.8153	6.95283e-310	2.74118	inf
20 <pt<25 	4<chiso range<9 	113.589	47.8182	32.3912	37.3783	6.95283e-310	1.98575	inf
20 <pt<25 	4<chiso range<10 	113.589	47.8182	32.3912	35.0381	6.95283e-310	2.71597	inf
20 <pt<25 	4<chiso range<11 	113.589	47.8182	32.3912	35.4524	6.95283e-310	2.67081	inf
20 <pt<25 	4<chiso range<12 	113.589	47.8182	32.3912	35.3269	6.95283e-310	2.77305	inf
20 <pt<25 	4<chiso range<13 	113.589	47.8182	32.3912	34.8549	6.95283e-310	2.94915	inf
20 <pt<25 	5<chiso range<10 	113.589	47.8182	32.3912	32.0098	6.95283e-310	3.45577	inf
20 <pt<25 	5<chiso range<11 	113.589	47.8182	32.3912	32.94	6.95283e-310	3.28013	inf
20 <pt<25 	5<chiso range<12 	113.589	47.8182	32.3912	33.0815	6.95283e-310	3.3371	inf
20 <pt<25 	5<chiso range<13 	113.589	47.8182	32.3912	32.3784	6.95283e-310	3.63236	inf
20 <pt<25 	6<chiso range<11 	113.589	47.8182	32.3912	32.8586	6.95283e-310	3.0763	inf
20 <pt<25 	6<chiso range<12 	113.589	47.8182	32.3912	33.0533	6.95283e-310	3.15262	inf
20 <pt<25 	6<chiso range<13 	113.589	47.8182	32.3912	32.4815	6.95283e-310	3.40477	inf
20 <pt<25 	7<chiso range<12 	113.589	47.8182	32.3912	32.6835	6.95283e-310	3.03358	inf
20 <pt<25 	7<chiso range<13 	113.589	47.8182	32.3912	31.7838	6.95283e-310	3.41155	inf
20 <pt<25 	8<chiso range<13 	113.589	47.8182	32.3912	30.6115	6.95283e-310	3.54048	inf
#######################################################################################
25 <pt<30 	3<chiso range<8 	65.5059	25.7575	20.996	18.5333	6.95283e-310	1.9348	inf
25 <pt<30 	3<chiso range<9 	65.5059	25.7575	20.996	18.7342	6.95283e-310	1.9061	inf
25 <pt<30 	3<chiso range<10 	65.5059	25.7575	20.996	19.0192	6.95283e-310	1.84519	inf
25 <pt<30 	3<chiso range<11 	65.5059	25.7575	20.996	19.7342	6.95283e-310	1.62811	inf
25 <pt<30 	3<chiso range<12 	65.5059	25.7575	20.996	19.6173	6.95283e-310	1.6947	inf
25 <pt<30 	3<chiso range<13 	65.5059	25.7575	20.996	18.6803	6.95283e-310	2.07689	inf
25 <pt<30 	4<chiso range<9 	65.5059	25.7575	20.996	18.1668	6.95283e-310	2.00676	inf
25 <pt<30 	4<chiso range<10 	65.5059	25.7575	20.996	18.6054	6.95283e-310	1.90704	inf
25 <pt<30 	4<chiso range<11 	65.5059	25.7575	20.996	19.5375	6.95283e-310	1.63005	inf
25 <pt<30 	4<chiso range<12 	65.5059	25.7575	20.996	19.2479	6.95283e-310	1.76332	inf
25 <pt<30 	4<chiso range<13 	65.5059	25.7575	20.996	18.1975	6.95283e-310	2.20076	inf
25 <pt<30 	5<chiso range<10 	65.5059	25.7575	20.996	16.7929	6.95283e-310	2.51632	inf
25 <pt<30 	5<chiso range<11 	65.5059	25.7575	20.996	18.1587	6.95283e-310	2.05566	inf
25 <pt<30 	5<chiso range<12 	65.5059	25.7575	20.996	18.0059	6.95283e-310	2.16492	inf
25 <pt<30 	5<chiso range<13 	65.5059	25.7575	20.996	16.8999	6.95283e-310	2.69051	inf
25 <pt<30 	6<chiso range<11 	65.5059	25.7575	20.996	19.457	6.95283e-310	1.50252	inf
25 <pt<30 	6<chiso range<12 	65.5059	25.7575	20.996	19.0676	6.95283e-310	1.68399	inf
25 <pt<30 	6<chiso range<13 	65.5059	25.7575	20.996	17.6531	6.95283e-310	2.26553	inf
25 <pt<30 	7<chiso range<12 	65.5059	25.7575	20.996	20.4351	6.95283e-310	1.17704	inf
25 <pt<30 	7<chiso range<13 	65.5059	25.7575	20.996	18.5227	6.95283e-310	1.83347	inf
25 <pt<30 	8<chiso range<13 	65.5059	25.7575	20.996	17.7293	6.95283e-310	1.9608	inf
#######################################################################################
30 <pt<35 	3<chiso range<8 	40.8612	12.9951	14.7743	8.05657	6.95283e-310	2.23897	inf
30 <pt<35 	3<chiso range<9 	40.8612	12.9951	14.7743	7.60532	6.95283e-310	2.29389	inf
30 <pt<35 	3<chiso range<10 	40.8612	12.9951	14.7743	7.71514	6.95283e-310	2.34805	inf
30 <pt<35 	3<chiso range<11 	40.8612	12.9951	14.7743	7.37948	6.95283e-310	2.67492	inf
30 <pt<35 	3<chiso range<12 	40.8612	12.9951	14.7743	7.41252	6.95283e-310	2.65296	inf
30 <pt<35 	3<chiso range<13 	40.8612	12.9951	14.7743	7.86514	6.95283e-310	2.34084	inf
30 <pt<35 	4<chiso range<9 	40.8612	12.9951	14.7743	8.10268	6.95283e-310	2.16871	inf
30 <pt<35 	4<chiso range<10 	40.8612	12.9951	14.7743	8.3301	6.95283e-310	2.06486	inf
30 <pt<35 	4<chiso range<11 	40.8612	12.9951	14.7743	7.96788	6.95283e-310	2.00513	inf
30 <pt<35 	4<chiso range<12 	40.8612	12.9951	14.7743	7.89234	6.95283e-310	2.16702	inf
30 <pt<35 	4<chiso range<13 	40.8612	12.9951	14.7743	8.4132	6.95283e-310	1.84325	inf
30 <pt<35 	5<chiso range<10 	40.8612	12.9951	14.7743	7.88819	6.95283e-310	2.3026	inf
30 <pt<35 	5<chiso range<11 	40.8612	12.9951	14.7743	7.56182	6.95283e-310	2.1573	inf
30 <pt<35 	5<chiso range<12 	40.8612	12.9951	14.7743	7.40161	6.95283e-310	2.50666	inf
30 <pt<35 	5<chiso range<13 	40.8612	12.9951	14.7743	8.03597	6.95283e-310	2.04719	inf
30 <pt<35 	6<chiso range<11 	40.8612	12.9951	14.7743	7.43135	6.95283e-310	2.57678	inf
30 <pt<35 	6<chiso range<12 	40.8612	12.9951	14.7743	7.66598	6.95283e-310	1.89592	inf
30 <pt<35 	6<chiso range<13 	40.8612	12.9951	14.7743	8.48243	6.95283e-310	1.92326	inf
30 <pt<35 	7<chiso range<12 	40.8612	12.9951	14.7743	8.64096	6.95283e-310	1.67684	inf
30 <pt<35 	7<chiso range<13 	40.8612	12.9951	14.7743	9.45713	6.95283e-310	1.29305	inf
30 <pt<35 	8<chiso range<13 	40.8612	12.9951	14.7743	8.35498	6.95283e-310	1.75338	inf
#######################################################################################
35 <pt<50 	3<chiso range<8 	61.049	17.161	25.0545	12.0214	6.95283e-310	1.69807	inf
35 <pt<50 	3<chiso range<9 	61.049	17.161	25.0545	12.3851	6.95283e-310	1.57206	inf
35 <pt<50 	3<chiso range<10 	61.049	17.161	25.0545	11.9164	6.95283e-310	1.83981	inf
35 <pt<50 	3<chiso range<11 	61.049	17.161	25.0545	11.9234	6.95283e-310	1.86118	inf
35 <pt<50 	3<chiso range<12 	61.049	17.161	25.0545	11.8961	6.95283e-310	1.89683	inf
35 <pt<50 	3<chiso range<13 	61.049	17.161	25.0545	12.0461	6.95283e-310	1.83907	inf
35 <pt<50 	4<chiso range<9 	61.049	17.161	25.0545	11.6399	6.95283e-310	1.83116	inf
35 <pt<50 	4<chiso range<10 	61.049	17.161	25.0545	11.1214	6.95283e-310	2.17281	inf
35 <pt<50 	4<chiso range<11 	61.049	17.161	25.0545	11.2188	6.95283e-310	2.1588	inf
35 <pt<50 	4<chiso range<12 	61.049	17.161	25.0545	11.2422	6.95283e-310	2.18256	inf
35 <pt<50 	4<chiso range<13 	61.049	17.161	25.0545	11.467	6.95283e-310	2.0879	inf
35 <pt<50 	5<chiso range<10 	61.049	17.161	25.0545	11.0507	6.95283e-310	2.10945	inf
35 <pt<50 	5<chiso range<11 	61.049	17.161	25.0545	11.1936	6.95283e-310	2.09055	inf
35 <pt<50 	5<chiso range<12 	61.049	17.161	25.0545	11.2466	6.95283e-310	2.10963	inf
35 <pt<50 	5<chiso range<13 	61.049	17.161	25.0545	11.515	6.95283e-310	2.003	inf
35 <pt<50 	6<chiso range<11 	61.049	17.161	25.0545	10.8221	6.95283e-310	2.21083	inf
35 <pt<50 	6<chiso range<12 	61.049	17.161	25.0545	10.8285	6.95283e-310	2.27185	inf
35 <pt<50 	6<chiso range<13 	61.049	17.161	25.0545	11.1606	6.95283e-310	2.13705	inf
35 <pt<50 	7<chiso range<12 	61.049	17.161	25.0545	10.8517	6.95283e-310	2.15781	inf
35 <pt<50 	7<chiso range<13 	61.049	17.161	25.0545	11.215	6.95283e-310	2.02757	inf
35 <pt<50 	8<chiso range<13 	61.049	17.161	25.0545	11.4937	6.95283e-310	1.77641	inf
#######################################################################################
50 <pt<60 	3<chiso range<8 	16.5967	3.04763	8.69976	1.94682	6.95283e-310	0.827067	inf
50 <pt<60 	3<chiso range<9 	16.5967	3.04763	8.69976	2.11018	6.95283e-310	0.657961	inf
50 <pt<60 	3<chiso range<10 	16.5967	3.04763	8.69976	2.18639	6.95283e-310	0.595281	inf
50 <pt<60 	3<chiso range<11 	16.5967	3.04763	8.69976	2.14713	6.95283e-310	0.75584	inf
50 <pt<60 	3<chiso range<12 	16.5967	3.04763	8.69976	2.12405	6.95283e-310	0.699274	inf
50 <pt<60 	3<chiso range<13 	16.5967	3.04763	8.69976	2.09697	6.95283e-310	0.753302	inf
50 <pt<60 	4<chiso range<9 	16.5967	3.04763	8.69976	2.04427	6.95283e-310	0.704127	inf
50 <pt<60 	4<chiso range<10 	16.5967	3.04763	8.69976	2.15893	6.95283e-310	0.602284	inf
50 <pt<60 	4<chiso range<11 	16.5967	3.04763	8.69976	2.1227	6.95283e-310	0.769685	inf
50 <pt<60 	4<chiso range<12 	16.5967	3.04763	8.69976	2.09034	6.95283e-310	0.725148	inf
50 <pt<60 	4<chiso range<13 	16.5967	3.04763	8.69976	2.01113	6.95283e-310	0.840619	inf
50 <pt<60 	5<chiso range<10 	16.5967	3.04763	8.69976	2.2037	6.95283e-310	0.204583	inf
50 <pt<60 	5<chiso range<11 	16.5967	3.04763	8.69976	2.101	6.95283e-310	0.636061	inf
50 <pt<60 	5<chiso range<12 	16.5967	3.04763	8.69976	2.0458	6.95283e-310	0.734307	inf
50 <pt<60 	5<chiso range<13 	16.5967	3.04763	8.69976	1.91043	6.95283e-310	0.779182	inf
50 <pt<60 	6<chiso range<11 	16.5967	3.04763	8.69976	2.14366	6.95283e-310	0.6916	inf
50 <pt<60 	6<chiso range<12 	16.5967	3.04763	8.69976	2.17064	6.95283e-310	0.56769	inf
50 <pt<60 	6<chiso range<13 	16.5967	3.04763	8.69976	2.06083	6.95283e-310	0.725423	inf
50 <pt<60 	7<chiso range<12 	16.5967	3.04763	8.69976	2.07243	6.95283e-310	0.755823	inf
50 <pt<60 	7<chiso range<13 	16.5967	3.04763	8.69976	2.06764	6.95283e-310	0.804808	inf
50 <pt<60 	8<chiso range<13 	16.5967	3.04763	8.69976	2.12848	6.95283e-310	0.72849	inf
#######################################################################################
60 <pt<400 	3<chiso range<8 	28.9357	4.50893	18.9302	3.92195	6.95283e-310	0.276286	inf
60 <pt<400 	3<chiso range<9 	28.9357	4.50893	18.9302	3.96807	6.95283e-310	0.254871	inf
60 <pt<400 	3<chiso range<10 	28.9357	4.50893	18.9302	3.72407	6.95283e-310	0.397208	inf
60 <pt<400 	3<chiso range<11 	28.9357	4.50893	18.9302	3.52093	6.95283e-310	0.534904	inf
60 <pt<400 	3<chiso range<12 	28.9357	4.50893	18.9302	3.54053	6.95283e-310	0.479586	inf
60 <pt<400 	3<chiso range<13 	28.9357	4.50893	18.9302	3.63841	6.95283e-310	0.468775	inf
60 <pt<400 	4<chiso range<9 	28.9357	4.50893	18.9302	4.15975	6.95283e-310	0.15277	inf
60 <pt<400 	4<chiso range<10 	28.9357	4.50893	18.9302	3.5688	6.95283e-310	0.438128	inf
60 <pt<400 	4<chiso range<11 	28.9357	4.50893	18.9302	3.39213	6.95283e-310	0.565486	inf
60 <pt<400 	4<chiso range<12 	28.9357	4.50893	18.9302	3.43247	6.95283e-310	0.551705	inf
60 <pt<400 	4<chiso range<13 	28.9357	4.50893	18.9302	3.57407	6.95283e-310	0.461737	inf
60 <pt<400 	5<chiso range<10 	28.9357	4.50893	18.9302	4.35132	6.95283e-310	0.0571175	inf
60 <pt<400 	5<chiso range<11 	28.9357	4.50893	18.9302	3.85917	6.95283e-310	0.283103	inf
60 <pt<400 	5<chiso range<12 	28.9357	4.50893	18.9302	3.83568	6.95283e-310	0.307096	inf
60 <pt<400 	5<chiso range<13 	28.9357	4.50893	18.9302	3.84008	6.95283e-310	0.300109	inf
60 <pt<400 	6<chiso range<11 	28.9357	4.50893	18.9302	3.60566	6.95283e-310	0.418037	inf
60 <pt<400 	6<chiso range<12 	28.9357	4.50893	18.9302	3.62542	6.95283e-310	0.423965	inf
60 <pt<400 	6<chiso range<13 	28.9357	4.50893	18.9302	3.65412	6.95283e-310	0.399308	inf
60 <pt<400 	7<chiso range<12 	28.9357	4.50893	18.9302	3.75742	6.95283e-310	0.32978	inf
60 <pt<400 	7<chiso range<13 	28.9357	4.50893	18.9302	3.75213	6.95283e-310	0.371591	inf
60 <pt<400 	8<chiso range<13 	28.9357	4.50893	18.9302	3.27202	6.95283e-310	0.683908	inf
#######################################################################################
