pt range	chiso range	DataNumber	FakeNumber	TrueNumber	fitFake_number	fitTrue_number	closureFake_test	closureTrue_test
#######################################################################################
20 <pt<25 	3<chiso range<8 	2.122e-314	4.94066e-324	1.42481e-299	51.0439	4.69771e-303	6.98917	inf
20 <pt<25 	3<chiso range<9 	2.122e-314	4.94066e-324	1.42481e-299	51.2871	4.69771e-303	7.23725	inf
20 <pt<25 	3<chiso range<10 	2.122e-314	4.94066e-324	1.42481e-299	49.3316	4.69771e-303	7.48468	inf
20 <pt<25 	3<chiso range<11 	2.122e-314	4.94066e-324	1.42481e-299	49.7439	4.69771e-303	7.64381	inf
20 <pt<25 	3<chiso range<12 	2.122e-314	4.94066e-324	1.42481e-299	48.7018	4.69771e-303	7.76891	inf
20 <pt<25 	3<chiso range<13 	2.122e-314	4.94066e-324	1.42481e-299	48.7773	4.69771e-303	7.85604	inf
20 <pt<25 	4<chiso range<9 	2.122e-314	4.94066e-324	1.42481e-299	51.0155	4.69771e-303	6.85989	inf
20 <pt<25 	4<chiso range<10 	2.122e-314	4.94066e-324	1.42481e-299	48.6972	4.69771e-303	7.16858	inf
20 <pt<25 	4<chiso range<11 	2.122e-314	4.94066e-324	1.42481e-299	49.277	4.69771e-303	7.36388	inf
20 <pt<25 	4<chiso range<12 	2.122e-314	4.94066e-324	1.42481e-299	48.1717	4.69771e-303	7.51722	inf
20 <pt<25 	4<chiso range<13 	2.122e-314	4.94066e-324	1.42481e-299	48.3648	4.69771e-303	7.61611	inf
20 <pt<25 	5<chiso range<10 	2.122e-314	4.94066e-324	1.42481e-299	45.8413	4.69771e-303	6.75435	inf
20 <pt<25 	5<chiso range<11 	2.122e-314	4.94066e-324	1.42481e-299	46.9721	4.69771e-303	6.9993	inf
20 <pt<25 	5<chiso range<12 	2.122e-314	4.94066e-324	1.42481e-299	46.0122	4.69771e-303	7.19268	inf
20 <pt<25 	5<chiso range<13 	2.122e-314	4.94066e-324	1.42481e-299	46.5056	4.69771e-303	7.30536	inf
20 <pt<25 	6<chiso range<11 	2.122e-314	4.94066e-324	1.42481e-299	47.5422	4.69771e-303	6.51894	inf
20 <pt<25 	6<chiso range<12 	2.122e-314	4.94066e-324	1.42481e-299	46.4016	4.69771e-303	6.78009	inf
20 <pt<25 	6<chiso range<13 	2.122e-314	4.94066e-324	1.42481e-299	46.8967	4.69771e-303	6.93434	inf
20 <pt<25 	7<chiso range<12 	2.122e-314	4.94066e-324	1.42481e-299	45.1391	4.69771e-303	6.29757	inf
20 <pt<25 	7<chiso range<13 	2.122e-314	4.94066e-324	1.42481e-299	45.7547	4.69771e-303	6.50321	inf
20 <pt<25 	8<chiso range<13 	2.122e-314	4.94066e-324	1.42481e-299	45.1698	4.69771e-303	6.06167	inf
#######################################################################################
25 <pt<30 	3<chiso range<8 	2.122e-314	4.94066e-324	1.42481e-299	20.7105	4.69771e-303	4.71378	inf
25 <pt<30 	3<chiso range<9 	2.122e-314	4.94066e-324	1.42481e-299	21.3275	4.69771e-303	4.82846	inf
25 <pt<30 	3<chiso range<10 	2.122e-314	4.94066e-324	1.42481e-299	22.4212	4.69771e-303	4.95361	inf
25 <pt<30 	3<chiso range<11 	2.122e-314	4.94066e-324	1.42481e-299	22.9069	4.69771e-303	5.0626	inf
25 <pt<30 	3<chiso range<12 	2.122e-314	4.94066e-324	1.42481e-299	22.2946	4.69771e-303	5.13404	inf
25 <pt<30 	3<chiso range<13 	2.122e-314	4.94066e-324	1.42481e-299	21.0297	4.69771e-303	5.18885	inf
25 <pt<30 	4<chiso range<9 	2.122e-314	4.94066e-324	1.42481e-299	20.9705	4.69771e-303	4.56501	inf
25 <pt<30 	4<chiso range<10 	2.122e-314	4.94066e-324	1.42481e-299	22.3259	4.69771e-303	4.72884	inf
25 <pt<30 	4<chiso range<11 	2.122e-314	4.94066e-324	1.42481e-299	22.9536	4.69771e-303	4.86946	inf
25 <pt<30 	4<chiso range<12 	2.122e-314	4.94066e-324	1.42481e-299	22.221	4.69771e-303	4.96032	inf
25 <pt<30 	4<chiso range<13 	2.122e-314	4.94066e-324	1.42481e-299	20.7525	4.69771e-303	5.02976	inf
25 <pt<30 	5<chiso range<10 	2.122e-314	4.94066e-324	1.42481e-299	21.2663	4.69771e-303	4.49261	inf
25 <pt<30 	5<chiso range<11 	2.122e-314	4.94066e-324	1.42481e-299	22.201	4.69771e-303	4.67021	inf
25 <pt<30 	5<chiso range<12 	2.122e-314	4.94066e-324	1.42481e-299	21.4138	4.69771e-303	4.78474	inf
25 <pt<30 	5<chiso range<13 	2.122e-314	4.94066e-324	1.42481e-299	19.7973	4.69771e-303	4.87408	inf
25 <pt<30 	6<chiso range<11 	2.122e-314	4.94066e-324	1.42481e-299	24.2743	4.69771e-303	4.42691	inf
25 <pt<30 	6<chiso range<12 	2.122e-314	4.94066e-324	1.42481e-299	23.0657	4.69771e-303	4.57052	inf
25 <pt<30 	6<chiso range<13 	2.122e-314	4.94066e-324	1.42481e-299	20.9753	4.69771e-303	4.67519	inf
25 <pt<30 	7<chiso range<12 	2.122e-314	4.94066e-324	1.42481e-299	24.2084	4.69771e-303	4.30354	inf
25 <pt<30 	7<chiso range<13 	2.122e-314	4.94066e-324	1.42481e-299	21.502	4.69771e-303	4.4374	inf
25 <pt<30 	8<chiso range<13 	2.122e-314	4.94066e-324	1.42481e-299	21.7786	4.69771e-303	4.09015	inf
#######################################################################################
30 <pt<35 	3<chiso range<8 	2.122e-314	4.94066e-324	1.42481e-299	9.49662	4.69771e-303	3.43793	inf
30 <pt<35 	3<chiso range<9 	2.122e-314	4.94066e-324	1.42481e-299	9.25067	4.69771e-303	3.52455	inf
30 <pt<35 	3<chiso range<10 	2.122e-314	4.94066e-324	1.42481e-299	9.85086	4.69771e-303	3.58896	inf
30 <pt<35 	3<chiso range<11 	2.122e-314	4.94066e-324	1.42481e-299	9.57964	4.69771e-303	3.62275	inf
30 <pt<35 	3<chiso range<12 	2.122e-314	4.94066e-324	1.42481e-299	9.61711	4.69771e-303	3.65601	inf
30 <pt<35 	3<chiso range<13 	2.122e-314	4.94066e-324	1.42481e-299	10.196	4.69771e-303	3.70419	inf
30 <pt<35 	4<chiso range<9 	2.122e-314	4.94066e-324	1.42481e-299	10.0308	4.69771e-303	3.42384	inf
30 <pt<35 	4<chiso range<10 	2.122e-314	4.94066e-324	1.42481e-299	10.6615	4.69771e-303	3.50912	inf
30 <pt<35 	4<chiso range<11 	2.122e-314	4.94066e-324	1.42481e-299	10.2926	4.69771e-303	3.54796	inf
30 <pt<35 	4<chiso range<12 	2.122e-314	4.94066e-324	1.42481e-299	10.2963	4.69771e-303	3.58777	inf
30 <pt<35 	4<chiso range<13 	2.122e-314	4.94066e-324	1.42481e-299	10.9126	4.69771e-303	3.64836	inf
30 <pt<35 	5<chiso range<10 	2.122e-314	4.94066e-324	1.42481e-299	10.719	4.69771e-303	3.40042	inf
30 <pt<35 	5<chiso range<11 	2.122e-314	4.94066e-324	1.42481e-299	10.1854	4.69771e-303	3.4407	inf
30 <pt<35 	5<chiso range<12 	2.122e-314	4.94066e-324	1.42481e-299	10.2263	4.69771e-303	3.48881	inf
30 <pt<35 	5<chiso range<13 	2.122e-314	4.94066e-324	1.42481e-299	11.0318	4.69771e-303	3.57304	inf
30 <pt<35 	6<chiso range<11 	2.122e-314	4.94066e-324	1.42481e-299	10.8696	4.69771e-303	3.28885	inf
30 <pt<35 	6<chiso range<12 	2.122e-314	4.94066e-324	1.42481e-299	10.878	4.69771e-303	3.35395	inf
30 <pt<35 	6<chiso range<13 	2.122e-314	4.94066e-324	1.42481e-299	11.6918	4.69771e-303	3.45038	inf
30 <pt<35 	7<chiso range<12 	2.122e-314	4.94066e-324	1.42481e-299	11.3212	4.69771e-303	3.17507	inf
30 <pt<35 	7<chiso range<13 	2.122e-314	4.94066e-324	1.42481e-299	12.3738	4.69771e-303	3.31204	inf
30 <pt<35 	8<chiso range<13 	2.122e-314	4.94066e-324	1.42481e-299	11.7105	4.69771e-303	3.02867	inf
#######################################################################################
35 <pt<50 	3<chiso range<8 	2.122e-314	4.94066e-324	1.42481e-299	15.5291	4.69771e-303	3.6939	inf
35 <pt<50 	3<chiso range<9 	2.122e-314	4.94066e-324	1.42481e-299	15.7737	4.69771e-303	3.75655	inf
35 <pt<50 	3<chiso range<10 	2.122e-314	4.94066e-324	1.42481e-299	14.7585	4.69771e-303	3.82096	inf
35 <pt<50 	3<chiso range<11 	2.122e-314	4.94066e-324	1.42481e-299	14.8148	4.69771e-303	3.86032	inf
35 <pt<50 	3<chiso range<12 	2.122e-314	4.94066e-324	1.42481e-299	14.8076	4.69771e-303	3.92018	inf
35 <pt<50 	3<chiso range<13 	2.122e-314	4.94066e-324	1.42481e-299	14.9997	4.69771e-303	3.94595	inf
35 <pt<50 	4<chiso range<9 	2.122e-314	4.94066e-324	1.42481e-299	15.0038	4.69771e-303	3.61138	inf
35 <pt<50 	4<chiso range<10 	2.122e-314	4.94066e-324	1.42481e-299	13.79	4.69771e-303	3.71435	inf
35 <pt<50 	4<chiso range<11 	2.122e-314	4.94066e-324	1.42481e-299	13.899	4.69771e-303	3.77759	inf
35 <pt<50 	4<chiso range<12 	2.122e-314	4.94066e-324	1.42481e-299	13.9946	4.69771e-303	3.84514	inf
35 <pt<50 	4<chiso range<13 	2.122e-314	4.94066e-324	1.42481e-299	14.3036	4.69771e-303	3.87306	inf
35 <pt<50 	5<chiso range<10 	2.122e-314	4.94066e-324	1.42481e-299	13.2749	4.69771e-303	3.54946	inf
35 <pt<50 	5<chiso range<11 	2.122e-314	4.94066e-324	1.42481e-299	13.4669	4.69771e-303	3.63416	inf
35 <pt<50 	5<chiso range<12 	2.122e-314	4.94066e-324	1.42481e-299	13.6275	4.69771e-303	3.72293	inf
35 <pt<50 	5<chiso range<13 	2.122e-314	4.94066e-324	1.42481e-299	14.0174	4.69771e-303	3.75885	inf
35 <pt<50 	6<chiso range<11 	2.122e-314	4.94066e-324	1.42481e-299	13.3485	4.69771e-303	3.28629	inf
35 <pt<50 	6<chiso range<12 	2.122e-314	4.94066e-324	1.42481e-299	13.3579	4.69771e-303	3.51518	inf
35 <pt<50 	6<chiso range<13 	2.122e-314	4.94066e-324	1.42481e-299	13.8258	4.69771e-303	3.57202	inf
35 <pt<50 	7<chiso range<12 	2.122e-314	4.94066e-324	1.42481e-299	13.6649	4.69771e-303	3.47693	inf
35 <pt<50 	7<chiso range<13 	2.122e-314	4.94066e-324	1.42481e-299	14.1632	4.69771e-303	3.56939	inf
35 <pt<50 	8<chiso range<13 	2.122e-314	4.94066e-324	1.42481e-299	14.4754	4.69771e-303	3.34935	inf
#######################################################################################
50 <pt<60 	3<chiso range<8 	2.122e-314	4.94066e-324	1.42481e-299	2.86495	4.69771e-303	1.63915	inf
50 <pt<60 	3<chiso range<9 	2.122e-314	4.94066e-324	1.42481e-299	2.99385	4.69771e-303	1.67104	inf
50 <pt<60 	3<chiso range<10 	2.122e-314	4.94066e-324	1.42481e-299	2.88409	4.69771e-303	1.69828	inf
50 <pt<60 	3<chiso range<11 	2.122e-314	4.94066e-324	1.42481e-299	2.681	4.69771e-303	1.72229	inf
50 <pt<60 	3<chiso range<12 	2.122e-314	4.94066e-324	1.42481e-299	2.853	4.69771e-303	1.74308	inf
50 <pt<60 	3<chiso range<13 	2.122e-314	4.94066e-324	1.42481e-299	2.67479	4.69771e-303	1.75757	inf
50 <pt<60 	4<chiso range<9 	2.122e-314	4.94066e-324	1.42481e-299	2.91741	4.69771e-303	1.60625	inf
50 <pt<60 	4<chiso range<10 	2.122e-314	4.94066e-324	1.42481e-299	2.79358	4.69771e-303	1.64691	inf
50 <pt<60 	4<chiso range<11 	2.122e-314	4.94066e-324	1.42481e-299	2.56818	4.69771e-303	1.68286	inf
50 <pt<60 	4<chiso range<12 	2.122e-314	4.94066e-324	1.42481e-299	2.77998	4.69771e-303	1.70908	inf
50 <pt<60 	4<chiso range<13 	2.122e-314	4.94066e-324	1.42481e-299	2.58207	4.69771e-303	1.72916	inf
50 <pt<60 	5<chiso range<10 	2.122e-314	4.94066e-324	1.42481e-299	2.98532	4.69771e-303	1.56208	inf
50 <pt<60 	5<chiso range<11 	2.122e-314	4.94066e-324	1.42481e-299	2.63941	4.69771e-303	1.6226	inf
50 <pt<60 	5<chiso range<12 	2.122e-314	4.94066e-324	1.42481e-299	2.90724	4.69771e-303	1.65711	inf
50 <pt<60 	5<chiso range<13 	2.122e-314	4.94066e-324	1.42481e-299	2.64341	4.69771e-303	1.68732	inf
50 <pt<60 	6<chiso range<11 	2.122e-314	4.94066e-324	1.42481e-299	2.36611	4.69771e-303	1.56721	inf
50 <pt<60 	6<chiso range<12 	2.122e-314	4.94066e-324	1.42481e-299	2.69749	4.69771e-303	1.60855	inf
50 <pt<60 	6<chiso range<13 	2.122e-314	4.94066e-324	1.42481e-299	2.44416	4.69771e-303	1.6486	inf
50 <pt<60 	7<chiso range<12 	2.122e-314	4.94066e-324	1.42481e-299	2.81988	4.69771e-303	1.54895	inf
50 <pt<60 	7<chiso range<13 	2.122e-314	4.94066e-324	1.42481e-299	2.55835	4.69771e-303	1.6131	inf
50 <pt<60 	8<chiso range<13 	2.122e-314	4.94066e-324	1.42481e-299	2.5114	4.69771e-303	1.59972	inf
#######################################################################################
60 <pt<400 	3<chiso range<8 	2.122e-314	4.94066e-324	1.42481e-299	3.83049	4.69771e-303	1.70597	inf
60 <pt<400 	3<chiso range<9 	2.122e-314	4.94066e-324	1.42481e-299	3.75965	4.69771e-303	1.73857	inf
60 <pt<400 	3<chiso range<10 	2.122e-314	4.94066e-324	1.42481e-299	3.73785	4.69771e-303	1.76575	inf
60 <pt<400 	3<chiso range<11 	2.122e-314	4.94066e-324	1.42481e-299	3.71285	4.69771e-303	1.78823	inf
60 <pt<400 	3<chiso range<12 	2.122e-314	4.94066e-324	1.42481e-299	3.80453	4.69771e-303	1.80162	inf
60 <pt<400 	3<chiso range<13 	2.122e-314	4.94066e-324	1.42481e-299	3.82944	4.69771e-303	1.81297	inf
60 <pt<400 	4<chiso range<9 	2.122e-314	4.94066e-324	1.42481e-299	3.98065	4.69771e-303	1.69465	inf
60 <pt<400 	4<chiso range<10 	2.122e-314	4.94066e-324	1.42481e-299	3.91493	4.69771e-303	1.7332	inf
60 <pt<400 	4<chiso range<11 	2.122e-314	4.94066e-324	1.42481e-299	3.86122	4.69771e-303	1.76294	inf
60 <pt<400 	4<chiso range<12 	2.122e-314	4.94066e-324	1.42481e-299	3.95144	4.69771e-303	1.7803	inf
60 <pt<400 	4<chiso range<13 	2.122e-314	4.94066e-324	1.42481e-299	3.96711	4.69771e-303	1.79468	inf
60 <pt<400 	5<chiso range<10 	2.122e-314	4.94066e-324	1.42481e-299	4.19162	4.69771e-303	1.68189	inf
60 <pt<400 	5<chiso range<11 	2.122e-314	4.94066e-324	1.42481e-299	4.0819	4.69771e-303	1.72351	inf
60 <pt<400 	5<chiso range<12 	2.122e-314	4.94066e-324	1.42481e-299	4.15541	4.69771e-303	1.74851	inf
60 <pt<400 	5<chiso range<13 	2.122e-314	4.94066e-324	1.42481e-299	4.29539	4.69771e-303	1.79335	inf
60 <pt<400 	6<chiso range<11 	2.122e-314	4.94066e-324	1.42481e-299	3.81697	4.69771e-303	1.66876	inf
60 <pt<400 	6<chiso range<12 	2.122e-314	4.94066e-324	1.42481e-299	3.93102	4.69771e-303	1.70299	inf
60 <pt<400 	6<chiso range<13 	2.122e-314	4.94066e-324	1.42481e-299	3.94415	4.69771e-303	1.72761	inf
60 <pt<400 	7<chiso range<12 	2.122e-314	4.94066e-324	1.42481e-299	3.65231	4.69771e-303	1.66294	inf
60 <pt<400 	7<chiso range<13 	2.122e-314	4.94066e-324	1.42481e-299	3.70301	4.69771e-303	1.69414	inf
60 <pt<400 	8<chiso range<13 	2.122e-314	4.94066e-324	1.42481e-299	3.60866	4.69771e-303	1.66084	inf
#######################################################################################
