pt: 20 ~ 25
*	3	4	5	6	7	8
8	0.21
9	0.19	0.14
10	0.19	0.13	0.21
11	0.16	0.09	0.14	0.06
12	0.14	0.08	0.11	0.04	0.00
13	0.155	0.100	0.135	0.068	0.042	0.146
############################################################
pt: 25 ~ 50
*	3	4	5	6	7	8
8	0.27
9	0.25	0.23
10	0.23	0.20	0.20
11	0.26	0.24	0.25	0.30
12	0.30	0.29	0.31	0.35	0.38
13	0.299	0.291	0.303	0.347	0.365	0.365
############################################################
pt: 50 ~ 400
*	3	4	5	6	7	8
8	0.36
9	0.34	0.34
10	0.35	0.36	0.38
11	0.38	0.38	0.40	0.42
12	0.39	0.40	0.43	0.42	0.44
13	0.371	0.378	0.399	0.394	0.401	0.461
############################################################
