pt range	chiso range	DataNumber	FakeNumber	TrueNumber	fitFake_number	fitTrue_number	closureFake_test	closureTrue_test
#######################################################################################
20 <pt<25 	3<chiso range<8 	524.9	117.513	189.447	152.719	2.47033e-323	2.19353	inf
20 <pt<25 	3<chiso range<9 	524.9	117.513	189.447	149.176	2.47033e-323	2.12472	inf
20 <pt<25 	3<chiso range<10 	524.9	117.513	189.447	149.768	2.47033e-323	2.22631	inf
20 <pt<25 	3<chiso range<11 	524.9	117.513	189.447	146.367	2.47033e-323	2.09433	inf
20 <pt<25 	3<chiso range<12 	524.9	117.513	189.447	146.323	2.47033e-323	2.12438	inf
20 <pt<25 	3<chiso range<13 	524.9	117.513	189.447	144.375	2.47033e-323	2.04308	inf
20 <pt<25 	4<chiso range<9 	524.9	117.513	189.447	150.345	2.47033e-323	2.08343	inf
20 <pt<25 	4<chiso range<10 	524.9	117.513	189.447	150.846	2.47033e-323	2.19818	inf
20 <pt<25 	4<chiso range<11 	524.9	117.513	189.447	146.408	2.47033e-323	2.03003	inf
20 <pt<25 	4<chiso range<12 	524.9	117.513	189.447	146.625	2.47033e-323	2.07981	inf
20 <pt<25 	4<chiso range<13 	524.9	117.513	189.447	144.487	2.47033e-323	1.99759	inf
20 <pt<25 	5<chiso range<10 	524.9	117.513	189.447	150.308	2.47033e-323	2.08083	inf
20 <pt<25 	5<chiso range<11 	524.9	117.513	189.447	146.004	2.47033e-323	1.93514	inf
20 <pt<25 	5<chiso range<12 	524.9	117.513	189.447	146.81	2.47033e-323	2.01431	inf
20 <pt<25 	5<chiso range<13 	524.9	117.513	189.447	144.453	2.47033e-323	1.93093	inf
20 <pt<25 	6<chiso range<11 	524.9	117.513	189.447	139.805	2.47033e-323	1.49911	inf
20 <pt<25 	6<chiso range<12 	524.9	117.513	189.447	142.332	2.47033e-323	1.67092	inf
20 <pt<25 	6<chiso range<13 	524.9	117.513	189.447	140.219	2.47033e-323	1.60498	inf
20 <pt<25 	7<chiso range<12 	524.9	117.513	189.447	138.418	2.47033e-323	1.35205	inf
20 <pt<25 	7<chiso range<13 	524.9	117.513	189.447	135.701	2.47033e-323	1.26053	inf
20 <pt<25 	8<chiso range<13 	524.9	117.513	189.447	126.09	2.47033e-323	0.598865	inf
#######################################################################################
25 <pt<30 	3<chiso range<8 	279.475	51.312	110.462	62.6273	2.47033e-323	1.10639	inf
25 <pt<30 	3<chiso range<9 	279.475	51.312	110.462	61.4476	2.47033e-323	0.950352	inf
25 <pt<30 	3<chiso range<10 	279.475	51.312	110.462	64.3189	2.47033e-323	1.30016	inf
25 <pt<30 	3<chiso range<11 	279.475	51.312	110.462	65.1841	2.47033e-323	1.40017	inf
25 <pt<30 	3<chiso range<12 	279.475	51.312	110.462	63.8	2.47033e-323	1.30872	inf
25 <pt<30 	3<chiso range<13 	279.475	51.312	110.462	62.8709	2.47033e-323	1.2474	inf
25 <pt<30 	4<chiso range<9 	279.475	51.312	110.462	55.8929	2.47033e-323	0.499334	inf
25 <pt<30 	4<chiso range<10 	279.475	51.312	110.462	58.9872	2.47033e-323	0.810735	inf
25 <pt<30 	4<chiso range<11 	279.475	51.312	110.462	60.5315	2.47033e-323	0.971158	inf
25 <pt<30 	4<chiso range<12 	279.475	51.312	110.462	60.1519	2.47033e-323	0.931573	inf
25 <pt<30 	4<chiso range<13 	279.475	51.312	110.462	59.6038	2.47033e-323	0.893057	inf
25 <pt<30 	5<chiso range<10 	279.475	51.312	110.462	62.5343	2.47033e-323	1.06635	inf
25 <pt<30 	5<chiso range<11 	279.475	51.312	110.462	59.8936	2.47033e-323	0.876367	inf
25 <pt<30 	5<chiso range<12 	279.475	51.312	110.462	58.4232	2.47033e-323	0.765374	inf
25 <pt<30 	5<chiso range<13 	279.475	51.312	110.462	59.4662	2.47033e-323	0.810082	inf
25 <pt<30 	6<chiso range<11 	279.475	51.312	110.462	62.6722	2.47033e-323	1.05202	inf
25 <pt<30 	6<chiso range<12 	279.475	51.312	110.462	60.6726	2.47033e-323	0.933065	inf
25 <pt<30 	6<chiso range<13 	279.475	51.312	110.462	59.5771	2.47033e-323	0.864726	inf
25 <pt<30 	7<chiso range<12 	279.475	51.312	110.462	65.3107	2.47033e-323	1.21321	inf
25 <pt<30 	7<chiso range<13 	279.475	51.312	110.462	57.6388	2.47033e-323	0.702434	inf
25 <pt<30 	8<chiso range<13 	279.475	51.312	110.462	61.6212	2.47033e-323	0.932579	inf
#######################################################################################
30 <pt<40 	3<chiso range<8 	272.351	41.3449	122.979	42.9454	2.47033e-323	0.202128	inf
30 <pt<40 	3<chiso range<9 	272.351	41.3449	122.979	43.6383	2.47033e-323	0.292463	inf
30 <pt<40 	3<chiso range<10 	272.351	41.3449	122.979	44.7158	2.47033e-323	0.427173	inf
30 <pt<40 	3<chiso range<11 	272.351	41.3449	122.979	44.6349	2.47033e-323	0.425236	inf
30 <pt<40 	3<chiso range<12 	272.351	41.3449	122.979	46.2497	2.47033e-323	0.616093	inf
30 <pt<40 	3<chiso range<13 	272.351	41.3449	122.979	44.4254	2.47033e-323	0.409381	inf
30 <pt<40 	4<chiso range<9 	272.351	41.3449	122.979	43.5396	2.47033e-323	0.2698	inf
30 <pt<40 	4<chiso range<10 	272.351	41.3449	122.979	44.9473	2.47033e-323	0.439291	inf
30 <pt<40 	4<chiso range<11 	272.351	41.3449	122.979	44.9329	2.47033e-323	0.448126	inf
30 <pt<40 	4<chiso range<12 	272.351	41.3449	122.979	46.8639	2.47033e-323	0.664761	inf
30 <pt<40 	4<chiso range<13 	272.351	41.3449	122.979	44.6799	2.47033e-323	0.431075	inf
30 <pt<40 	5<chiso range<10 	272.351	41.3449	122.979	44.6801	2.47033e-323	0.392302	inf
30 <pt<40 	5<chiso range<11 	272.351	41.3449	122.979	44.9199	2.47033e-323	0.420031	inf
30 <pt<40 	5<chiso range<12 	272.351	41.3449	122.979	46.8674	2.47033e-323	0.654844	inf
30 <pt<40 	5<chiso range<13 	272.351	41.3449	122.979	44.4714	2.47033e-323	0.391863	inf
30 <pt<40 	6<chiso range<11 	272.351	41.3449	122.979	43.96	2.47033e-323	0.31136	inf
30 <pt<40 	6<chiso range<12 	272.351	41.3449	122.979	46.8998	2.47033e-323	0.638384	inf
30 <pt<40 	6<chiso range<13 	272.351	41.3449	122.979	43.9719	2.47033e-323	0.325606	inf
30 <pt<40 	7<chiso range<12 	272.351	41.3449	122.979	45.5423	2.47033e-323	0.469527	inf
30 <pt<40 	7<chiso range<13 	272.351	41.3449	122.979	42.4446	2.47033e-323	0.13786	inf
30 <pt<40 	8<chiso range<13 	272.351	41.3449	122.979	44.9346	2.47033e-323	0.398719	inf
#######################################################################################
40 <pt<50 	3<chiso range<8 	128.431	16.6118	65.5486	13.7937	2.47033e-323	0.573333	inf
40 <pt<50 	3<chiso range<9 	128.431	16.6118	65.5486	14.786	2.47033e-323	0.415833	inf
40 <pt<50 	3<chiso range<10 	128.431	16.6118	65.5486	14.3577	2.47033e-323	0.535364	inf
40 <pt<50 	3<chiso range<11 	128.431	16.6118	65.5486	14.2065	2.47033e-323	0.503499	inf
40 <pt<50 	3<chiso range<12 	128.431	16.6118	65.5486	13.8648	2.47033e-323	0.573127	inf
40 <pt<50 	3<chiso range<13 	128.431	16.6118	65.5486	15.0418	2.47033e-323	0.335144	inf
40 <pt<50 	4<chiso range<9 	128.431	16.6118	65.5486	14.2945	2.47033e-323	0.52125	inf
40 <pt<50 	4<chiso range<10 	128.431	16.6118	65.5486	13.8486	2.47033e-323	0.656344	inf
40 <pt<50 	4<chiso range<11 	128.431	16.6118	65.5486	13.9538	2.47033e-323	0.629488	inf
40 <pt<50 	4<chiso range<12 	128.431	16.6118	65.5486	13.7638	2.47033e-323	0.635815	inf
40 <pt<50 	4<chiso range<13 	128.431	16.6118	65.5486	14.5892	2.47033e-323	0.495933	inf
40 <pt<50 	5<chiso range<10 	128.431	16.6118	65.5486	15.0438	2.47033e-323	0.345851	inf
40 <pt<50 	5<chiso range<11 	128.431	16.6118	65.5486	14.6304	2.47033e-323	0.385302	inf
40 <pt<50 	5<chiso range<12 	128.431	16.6118	65.5486	13.5559	2.47033e-323	0.707797	inf
40 <pt<50 	5<chiso range<13 	128.431	16.6118	65.5486	14.6444	2.47033e-323	0.417583	inf
40 <pt<50 	6<chiso range<11 	128.431	16.6118	65.5486	15.4243	2.47033e-323	0.234379	inf
40 <pt<50 	6<chiso range<12 	128.431	16.6118	65.5486	14.853	2.47033e-323	0.375194	inf
40 <pt<50 	6<chiso range<13 	128.431	16.6118	65.5486	15.7057	2.47033e-323	0.197268	inf
40 <pt<50 	7<chiso range<12 	128.431	16.6118	65.5486	15.2484	2.47033e-323	0.283263	inf
40 <pt<50 	7<chiso range<13 	128.431	16.6118	65.5486	15.8001	2.47033e-323	0.168823	inf
40 <pt<50 	8<chiso range<13 	128.431	16.6118	65.5486	14.5607	2.47033e-323	0.443723	inf
#######################################################################################
50 <pt<70 	3<chiso range<8 	108.04	10.7054	64.9278	8.57841	2.47033e-323	0.639523	inf
50 <pt<70 	3<chiso range<9 	108.04	10.7054	64.9278	9.23956	2.47033e-323	0.511959	inf
50 <pt<70 	3<chiso range<10 	108.04	10.7054	64.9278	9.21211	2.47033e-323	0.489079	inf
50 <pt<70 	3<chiso range<11 	108.04	10.7054	64.9278	9.13665	2.47033e-323	0.536554	inf
50 <pt<70 	3<chiso range<12 	108.04	10.7054	64.9278	9.46523	2.47033e-323	0.412133	inf
50 <pt<70 	3<chiso range<13 	108.04	10.7054	64.9278	9.64374	2.47033e-323	0.333805	inf
50 <pt<70 	4<chiso range<9 	108.04	10.7054	64.9278	8.9792	2.47033e-323	0.600973	inf
50 <pt<70 	4<chiso range<10 	108.04	10.7054	64.9278	8.95797	2.47033e-323	0.622936	inf
50 <pt<70 	4<chiso range<11 	108.04	10.7054	64.9278	9.06188	2.47033e-323	0.550289	inf
50 <pt<70 	4<chiso range<12 	108.04	10.7054	64.9278	9.45235	2.47033e-323	0.406899	inf
50 <pt<70 	4<chiso range<13 	108.04	10.7054	64.9278	9.70098	2.47033e-323	0.304862	inf
50 <pt<70 	5<chiso range<10 	108.04	10.7054	64.9278	8.85244	2.47033e-323	0.65062	inf
50 <pt<70 	5<chiso range<11 	108.04	10.7054	64.9278	8.87476	2.47033e-323	0.609685	inf
50 <pt<70 	5<chiso range<12 	108.04	10.7054	64.9278	9.35937	2.47033e-323	0.42952	inf
50 <pt<70 	5<chiso range<13 	108.04	10.7054	64.9278	9.33118	2.47033e-323	0.375125	inf
50 <pt<70 	6<chiso range<11 	108.04	10.7054	64.9278	9.15723	2.47033e-323	0.456477	inf
50 <pt<70 	6<chiso range<12 	108.04	10.7054	64.9278	9.92851	2.47033e-323	0.223953	inf
50 <pt<70 	6<chiso range<13 	108.04	10.7054	64.9278	9.36165	2.47033e-323	0.368071	inf
50 <pt<70 	7<chiso range<12 	108.04	10.7054	64.9278	8.3183	2.47033e-323	0.773325	inf
50 <pt<70 	7<chiso range<13 	108.04	10.7054	64.9278	8.28983	2.47033e-323	0.700029	inf
50 <pt<70 	8<chiso range<13 	108.04	10.7054	64.9278	9.02918	2.47033e-323	0.516958	inf
#######################################################################################
70 <pt<400 	3<chiso range<8 	91.2492	6.02947	66.6683	4.86653	2.47033e-323	0.68103	inf
70 <pt<400 	3<chiso range<9 	91.2492	6.02947	66.6683	4.97846	2.47033e-323	0.622788	inf
70 <pt<400 	3<chiso range<10 	91.2492	6.02947	66.6683	4.58215	2.47033e-323	0.908122	inf
70 <pt<400 	3<chiso range<11 	91.2492	6.02947	66.6683	5.33254	2.47033e-323	0.386702	inf
70 <pt<400 	3<chiso range<12 	91.2492	6.02947	66.6683	5.21492	2.47033e-323	0.491691	inf
70 <pt<400 	3<chiso range<13 	91.2492	6.02947	66.6683	5.49171	2.47033e-323	0.309766	inf
70 <pt<400 	4<chiso range<9 	91.2492	6.02947	66.6683	4.21658	2.47033e-323	1.2391	inf
70 <pt<400 	4<chiso range<10 	91.2492	6.02947	66.6683	3.96214	2.47033e-323	1.49466	inf
70 <pt<400 	4<chiso range<11 	91.2492	6.02947	66.6683	4.6088	2.47033e-323	0.891239	inf
70 <pt<400 	4<chiso range<12 	91.2492	6.02947	66.6683	4.57626	2.47033e-323	0.934811	inf
70 <pt<400 	4<chiso range<13 	91.2492	6.02947	66.6683	4.98647	2.47033e-323	0.656408	inf
70 <pt<400 	5<chiso range<10 	91.2492	6.02947	66.6683	3.6169	2.47033e-323	1.87326	inf
70 <pt<400 	5<chiso range<11 	91.2492	6.02947	66.6683	4.52181	2.47033e-323	0.929026	inf
70 <pt<400 	5<chiso range<12 	91.2492	6.02947	66.6683	4.49302	2.47033e-323	1.04237	inf
70 <pt<400 	5<chiso range<13 	91.2492	6.02947	66.6683	4.88863	2.47033e-323	0.723236	inf
70 <pt<400 	6<chiso range<11 	91.2492	6.02947	66.6683	5.59862	2.47033e-323	0.237446	inf
70 <pt<400 	6<chiso range<12 	91.2492	6.02947	66.6683	5.2885	2.47033e-323	0.404782	inf
70 <pt<400 	6<chiso range<13 	91.2492	6.02947	66.6683	5.81266	2.47033e-323	0.107029	inf
70 <pt<400 	7<chiso range<12 	91.2492	6.02947	66.6683	5.11929	2.47033e-323	0.461372	inf
70 <pt<400 	7<chiso range<13 	91.2492	6.02947	66.6683	5.62452	2.47033e-323	0.207406	inf
70 <pt<400 	8<chiso range<13 	91.2492	6.02947	66.6683	6.14839	2.47033e-323	0.0576328	inf
#######################################################################################
