pt: 20 ~ 25
*	3	4	5	6	7	8
8	1.42
9	0.96	1.08
10	0.68	0.74	0.45
11	0.72	0.78	0.55	0.23
12	0.58	0.61	0.37	0.05	0.70
13	0.467	0.481	0.240	0.066	0.747	0.932
############################################################
pt: 25 ~ 30
*	3	4	5	6	7	8
8	1.53
9	1.03	0.68
10	0.96	0.64	0.74
11	0.89	0.59	0.67	0.26
12	0.88	0.61	0.68	0.33	0.10
13	0.899	0.657	0.724	0.426	0.253	0.134
############################################################
pt: 30 ~ 40
*	3	4	5	6	7	8
8	0.14
9	0.25	0.33
10	0.05	0.07	0.25
11	0.03	0.04	0.19	0.06
12	0.09	0.12	0.26	0.06	0.11
13	0.284	0.335	0.506	0.355	0.452	0.468
############################################################
pt: 40 ~ 50
*	3	4	5	6	7	8
8	1.45
9	1.29	1.29
10	1.35	1.37	1.34
11	1.20	1.19	1.13	1.01
12	1.06	1.04	0.96	0.80	0.60
13	0.877	0.839	0.737	0.547	0.309	0.103
############################################################
pt: 50 ~ 60
*	3	4	5	6	7	8
8	0.41
9	0.55	0.81
10	0.26	0.43	0.24
11	0.36	0.52	0.37	0.51
12	0.53	0.70	0.59	0.77	0.82
13	0.732	0.928	0.839	1.069	1.189	1.293
############################################################
pt: 60 ~ 400
*	3	4	5	6	7	8
8	1.25
9	1.16	1.27
10	1.01	1.08	0.88
11	1.05	1.12	0.96	0.84
12	0.95	1.00	0.84	0.72	0.64
13	1.000	1.044	0.910	0.809	0.765	0.747
############################################################
