pt: 20 ~ 25
*	3	4	5	6	7	8
8	0.13
9	0.09	0.10
10	0.06	0.07	0.04
11	0.06	0.07	0.05	0.02
12	0.05	0.05	0.03	0.00	0.05
13	0.040	0.042	0.020	0.005	0.058	0.072
############################################################
pt: 25 ~ 30
*	3	4	5	6	7	8
8	0.26
9	0.16	0.10
10	0.15	0.10	0.11
11	0.14	0.09	0.10	0.04
12	0.13	0.09	0.10	0.05	0.01
13	0.138	0.097	0.108	0.061	0.035	0.018
############################################################
pt: 30 ~ 40
*	3	4	5	6	7	8
8	0.02
9	0.04	0.05
10	0.01	0.01	0.04
11	0.00	0.01	0.03	0.01
12	0.02	0.02	0.04	0.01	0.02
13	0.044	0.052	0.076	0.055	0.069	0.071
############################################################
pt: 40 ~ 50
*	3	4	5	6	7	8
8	0.60
9	0.50	0.50
10	0.54	0.55	0.53
11	0.45	0.45	0.42	0.35
12	0.38	0.37	0.33	0.26	0.18
13	0.294	0.278	0.236	0.165	0.087	0.028
############################################################
pt: 50 ~ 60
*	3	4	5	6	7	8
8	0.14
9	0.18	0.24
10	0.10	0.15	0.09
11	0.13	0.17	0.13	0.17
12	0.17	0.22	0.19	0.23	0.25
13	0.226	0.271	0.251	0.300	0.322	0.341
############################################################
pt: 60 ~ 400
*	3	4	5	6	7	8
8	0.27
9	0.26	0.28
10	0.23	0.24	0.21
11	0.24	0.25	0.22	0.20
12	0.22	0.23	0.20	0.18	0.16
13	0.232	0.240	0.215	0.196	0.188	0.184
############################################################
