[?1034hgenlep1pt   16
1.09156854425
[[4.07636098e-01 4.17491957e-03 1.65376511e-04 0.00000000e+00]
 [1.44966604e-02 4.12474503e-01 6.35913159e-03 0.00000000e+00]
 [0.00000000e+00 1.44549418e-02 4.03277788e-01 5.67026555e-03]
 [0.00000000e+00 0.00000000e+00 1.77658349e-02 4.16142702e-01]]
#################################################
[?1034hgenphotonet   16
1.07574717586
[[0.41162539 0.0011323  0.         0.        ]
 [0.00994607 0.43630042 0.00302277 0.        ]
 [0.00210709 0.00777149 0.43153895 0.00319187]
 [0.00098228 0.00093614 0.00639538 0.42897323]]
#################################################
[?1034hgenjet1pt   16
1.34715400217
[[3.88298694e-01 3.61399430e-02 5.58986894e-05 0.00000000e+00]
 [2.76622257e-02 3.63154505e-01 2.96384016e-02 7.65592601e-05]
 [2.03826631e-04 3.57992608e-02 3.51414106e-01 3.00371632e-02]
 [0.00000000e+00 0.00000000e+00 2.87149976e-02 3.82496200e-01]]
#################################################
[?1034hgenMjj   16
1.86646584998
[[4.08304647e-01 4.19253590e-02 4.38406182e-04 3.50077224e-03
  1.20157846e-03 2.05286070e-03 8.33379581e-04]
 [3.88403876e-02 4.41225270e-01 3.74739570e-02 0.00000000e+00
  4.99483404e-03 2.17133757e-03 0.00000000e+00]
 [2.15368617e-04 3.18225642e-02 5.14781411e-01 3.03118992e-04
  5.14523293e-04 5.22505078e-03 0.00000000e+00]
 [1.22231768e-02 1.12612909e-03 0.00000000e+00 3.21185493e-01
  1.01597504e-01 1.08734285e-04 2.96485631e-03]
 [5.20065418e-03 7.25257203e-03 2.13494260e-04 2.16136192e-02
  3.97576098e-01 7.04224923e-02 3.52410844e-03]
 [9.79566158e-04 1.47544003e-03 5.55522034e-03 5.72800726e-04
  2.26126151e-02 4.99700326e-01 3.30564833e-03]
 [5.83584104e-04 2.95515054e-04 0.00000000e+00 1.40550179e-03
  2.78708226e-03 1.41188454e-02 3.84074346e-01]]
#################################################
[?1034hgenlep1pt   17
1.09417937575
[[3.56070290e-01 4.79518880e-03 1.32106593e-04 3.54937511e-05]
 [1.31793920e-02 3.61182105e-01 7.70971814e-03 1.15143132e-04]
 [1.33222047e-04 1.38777924e-02 3.65528171e-01 4.91654029e-03]
 [0.00000000e+00 0.00000000e+00 1.15557292e-02 3.63023738e-01]]
#################################################
[?1034hgenphotonet   17
1.12074325467
[[3.61294436e-01 8.31299711e-04 4.41221659e-05 0.00000000e+00]
 [1.25935856e-02 3.74004248e-01 3.58298870e-03 0.00000000e+00]
 [2.18208996e-03 7.53902874e-03 3.99034124e-01 1.35610474e-03]
 [2.18906011e-03 0.00000000e+00 5.07933287e-03 3.93491086e-01]]
#################################################
[?1034hgenjet1pt   17
1.4087432469
[[3.37827496e-01 3.38266036e-02 0.00000000e+00 0.00000000e+00]
 [2.75955065e-02 3.19557906e-01 2.35813751e-02 8.31197791e-05]
 [9.55810696e-04 4.19020294e-02 3.03905466e-01 2.87643428e-02]
 [5.86995906e-04 5.35405259e-04 3.43768989e-02 3.34951324e-01]]
#################################################
[?1034hgenMjj   17
1.97190207679
[[4.07296225e-01 4.85363636e-02 1.66428529e-05 1.76807664e-03
  2.48735469e-03 2.26640088e-03 6.59594631e-04]
 [3.90049943e-02 4.26689523e-01 3.26341852e-02 8.27180039e-04
  3.85734517e-03 1.13033655e-03 1.82688297e-04]
 [9.12704495e-04 3.81279335e-02 4.91570711e-01 0.00000000e+00
  5.57189311e-04 4.29770547e-03 6.11946252e-05]
 [1.16047142e-02 1.90060546e-03 0.00000000e+00 3.02097556e-01
  8.62862924e-02 1.07319058e-03 1.68090229e-03]
 [2.42009778e-03 5.95707080e-03 6.86451125e-04 2.98748672e-02
  3.48338174e-01 6.77342732e-02 4.45643988e-03]
 [2.54718106e-03 1.14829189e-03 3.06102729e-03 4.67681379e-04
  2.91431483e-02 4.85577129e-01 3.00169587e-03]
 [2.41597379e-03 2.50961800e-04 0.00000000e+00 6.42562557e-04
  2.61647117e-03 1.08043730e-02 3.64159924e-01]]
#################################################
[?1034hgenlep1pt   18
1.11326629797
[[4.41578530e-01 6.79617725e-03 1.92472450e-04 0.00000000e+00]
 [1.80968069e-02 4.49122381e-01 7.00686430e-03 9.09363281e-05]
 [0.00000000e+00 1.59462495e-02 4.56267771e-01 4.93466750e-03]
 [0.00000000e+00 0.00000000e+00 1.64936367e-02 4.72203312e-01]]
#################################################
[?1034hgenphotonet   18
1.21484617564
[[4.41440512e-01 8.85259979e-04 0.00000000e+00 4.04921489e-05]
 [1.53065847e-02 4.88606292e-01 5.27901383e-03 0.00000000e+00]
 [1.65318225e-03 1.07468276e-02 5.22327106e-01 1.34586532e-03]
 [0.00000000e+00 0.00000000e+00 5.19212702e-03 5.33722821e-01]]
#################################################
[?1034hgenjet1pt   18
1.44334355926
[[3.97093081e-01 4.55602259e-02 1.04089861e-04 0.00000000e+00]
 [3.28345764e-02 4.10093806e-01 3.49102995e-02 0.00000000e+00]
 [7.30559170e-04 5.79559896e-02 3.95011088e-01 3.77954803e-02]
 [0.00000000e+00 1.40735337e-03 4.59357457e-02 4.51837710e-01]]
#################################################
[?1034hgenMjj   18
1.94565998152
[[3.89994125e-01 4.99782238e-02 4.52532764e-04 2.63746187e-03
  1.28186886e-03 1.91441870e-03 3.45692057e-04]
 [3.99105732e-02 4.25552339e-01 4.29701211e-02 3.27563471e-04
  4.21116706e-03 2.01441889e-03 1.54846865e-04]
 [5.00521027e-04 3.74806007e-02 4.75316987e-01 0.00000000e+00
  7.35386112e-04 6.11438705e-03 0.00000000e+00]
 [1.34344771e-02 2.59150909e-03 0.00000000e+00 3.01798194e-01
  9.03261369e-02 1.00488998e-03 3.54655052e-03]
 [5.09303762e-03 6.57133407e-03 7.88116909e-04 2.70405552e-02
  3.48904926e-01 6.89401417e-02 6.13444992e-03]
 [2.21322358e-03 1.53923688e-03 6.20443854e-03 0.00000000e+00
  2.44923254e-02 4.66497185e-01 4.76265328e-03]
 [1.56599064e-03 2.81904051e-04 0.00000000e+00 5.81500083e-04
  3.04447951e-03 1.08870339e-02 3.48138812e-01]]
#################################################
