pt: 20 ~ 25
*	3	4	5	6	7	8
8	0.18
9	0.18	0.16
10	0.20	0.20	0.26
11	0.19	0.18	0.23	0.19
12	0.19	0.18	0.23	0.19	0.18
13	0.202	0.197	0.243	0.208	0.205	0.236
############################################################
pt: 25 ~ 30
*	3	4	5	6	7	8
8	0.19
9	0.18	0.18
10	0.16	0.15	0.22
11	0.15	0.14	0.19	0.14
12	0.16	0.16	0.21	0.17	0.11
13	0.188	0.191	0.241	0.208	0.169	0.185
############################################################
pt: 30 ~ 35
*	3	4	5	6	7	8
8	0.40
9	0.39	0.35
10	0.39	0.35	0.37
11	0.40	0.36	0.38	0.39
12	0.40	0.37	0.40	0.40	0.35
13	0.385	0.354	0.370	0.371	0.322	0.352
############################################################
pt: 35 ~ 50
*	3	4	5	6	7	8
8	0.34
9	0.34	0.37
10	0.35	0.38	0.36
11	0.37	0.40	0.39	0.44
12	0.39	0.42	0.41	0.47	0.48
13	0.392	0.418	0.409	0.455	0.464	0.462
############################################################
pt: 50 ~ 60
*	3	4	5	6	7	8
8	0.33
9	0.29	0.29
10	0.30	0.29	0.32
11	0.30	0.30	0.32	0.30
12	0.32	0.32	0.35	0.33	0.34
13	0.319	0.320	0.345	0.330	0.342	0.567
############################################################
pt: 60 ~ 400
*	3	4	5	6	7	8
8	0.34
9	0.34	0.33
10	0.31	0.31	0.25
11	0.35	0.36	0.32	0.36
12	0.32	0.33	0.29	0.31	0.33
13	0.333	0.337	0.306	0.328	0.345	0.412
############################################################
