pt: 20 ~ 25
*	3	4	5	6	7	8
8	0.13
9	0.08	0.09
10	0.05	0.06	0.03
11	0.06	0.06	0.04	0.01
12	0.05	0.05	0.03	0.00	0.06
13	0.036	0.036	0.015	0.010	0.062	0.077
############################################################
pt: 25 ~ 30
*	3	4	5	6	7	8
8	0.25
9	0.16	0.09
10	0.15	0.09	0.10
11	0.13	0.08	0.09	0.03
12	0.13	0.09	0.10	0.04	0.02
13	0.136	0.095	0.104	0.059	0.038	0.016
############################################################
pt: 30 ~ 40
*	3	4	5	6	7	8
8	0.03
9	0.05	0.06
10	0.02	0.02	0.05
11	0.01	0.01	0.04	0.00
12	0.02	0.03	0.05	0.02	0.03
13	0.051	0.057	0.082	0.061	0.074	0.073
############################################################
pt: 40 ~ 50
*	3	4	5	6	7	8
8	0.58
9	0.48	0.49
10	0.52	0.53	0.52
11	0.43	0.43	0.40	0.34
12	0.36	0.35	0.32	0.25	0.18
13	0.281	0.265	0.224	0.155	0.077	0.018
############################################################
pt: 50 ~ 60
*	3	4	5	6	7	8
8	0.12
9	0.17	0.24
10	0.09	0.14	0.08
11	0.12	0.17	0.12	0.17
12	0.17	0.22	0.19	0.23	0.25
13	0.222	0.270	0.249	0.300	0.325	0.351
############################################################
pt: 60 ~ 400
*	3	4	5	6	7	8
8	0.27
9	0.25	0.27
10	0.23	0.24	0.20
11	0.24	0.25	0.22	0.20
12	0.22	0.22	0.20	0.17	0.16
13	0.224	0.232	0.207	0.188	0.178	0.173
############################################################
