pt: 20 ~ 25
*	3	4	5	6	7	8
8	1.30
9	0.87	0.97
10	0.59	0.64	0.36
11	0.63	0.68	0.46	0.16
12	0.50	0.52	0.30	0.01	0.71
13	0.391	0.399	0.172	0.118	0.757	0.952
############################################################
pt: 25 ~ 30
*	3	4	5	6	7	8
8	1.42
9	0.95	0.61
10	0.89	0.58	0.66
11	0.82	0.54	0.59	0.22
12	0.82	0.56	0.61	0.30	0.12
13	0.839	0.605	0.660	0.391	0.256	0.111
############################################################
pt: 30 ~ 40
*	3	4	5	6	7	8
8	0.19
9	0.29	0.35
10	0.10	0.11	0.28
11	0.07	0.08	0.22	0.02
12	0.14	0.16	0.30	0.11	0.16
13	0.313	0.354	0.516	0.377	0.466	0.460
############################################################
pt: 40 ~ 50
*	3	4	5	6	7	8
8	1.35
9	1.19	1.20
10	1.26	1.27	1.24
11	1.11	1.10	1.05	0.93
12	0.98	0.96	0.89	0.74	0.55
13	0.800	0.763	0.668	0.488	0.262	0.065
############################################################
pt: 50 ~ 60
*	3	4	5	6	7	8
8	0.34
9	0.48	0.73
10	0.22	0.39	0.21
11	0.32	0.48	0.34	0.47
12	0.48	0.65	0.54	0.72	0.78
13	0.677	0.874	0.787	1.013	1.142	1.279
############################################################
pt: 60 ~ 400
*	3	4	5	6	7	8
8	1.16
9	1.07	1.18
10	0.93	0.99	0.80
11	0.97	1.03	0.88	0.77
12	0.87	0.91	0.76	0.65	0.58
13	0.909	0.950	0.821	0.728	0.678	0.657
############################################################
