pt: 20 ~ 25
*	3	4	5	6	7	8
8	0.21
9	0.19	0.12
10	0.19	0.13	0.21
11	0.16	0.09	0.14	0.07
12	0.14	0.08	0.11	0.04	0.02
13	0.159	0.104	0.139	0.075	0.054	0.158
############################################################
pt: 25 ~ 50
*	3	4	5	6	7	8
8	0.27
9	0.25	0.23
10	0.23	0.21	0.21
11	0.26	0.24	0.25	0.30
12	0.30	0.29	0.31	0.36	0.38
13	0.301	0.292	0.304	0.347	0.364	0.364
############################################################
pt: 50 ~ 400
*	3	4	5	6	7	8
8	0.36
9	0.34	0.35
10	0.36	0.37	0.39
11	0.38	0.39	0.41	0.42
12	0.39	0.40	0.43	0.43	0.44
13	0.374	0.381	0.402	0.398	0.404	0.461
############################################################
