fake18=[1.154,1.163,1.172,1.134]

QCD_pdf=[1.011,1.017,1.008,1.073]

SigOut_pdf=[1.002,1.002,1.002,1.003]

QCD_scale=[1.118,1.145,1.142,1.165]

SigOut_scale=[1.039,1.055,1.076,1.090]

jes18_ZA=[1.43,1.17,1.13,1.06]
jes18_ZA-EWK=[1.10,1.03,1.01,1.01]
jes18_TTA=[1.26,1.07,1.30,1.12]
jes18_VV=[1.68,1.12,1.00,1.00]
jes18_ST=[2.09,1.00,1.00,1.00]

jer18_ZA=[1.12,1.07,1.03,1.04]
jer18_ZA-EWK=[1.01,1.00,1.00,1.00]
jer18_TTA=[1.00,1.02,1.00,1.12]
jer18_VV=[1.17,1.00,1.00,1.00]
jer18_ST=[1.22,1.00,1.00,1.00]

genbin1_scale=[1.06,1.08,1.08,1.10]
genbin2_scale=[1.08,1.08,1.09,1.11]
genbin3_scale=[1.09,1.09,1.09,1.12]
genbin4_scale=[1.10,1.11,1.10,1.12]

genbin1_pdf=[1.001,1.001,1.000,1.000]
genbin2_pdf=[1.002,1.001,1.002,1.000]
genbin3_pdf=[1.004,1.002,1.001,1.003]
genbin4_pdf=[1.000,1.004,1.004,1.004]

