fake17=[1.145,1.161,1.164,1.145]

QCD_pdf=[1.011,1.015,1.023,1.009]

SigOut_pdf=[1.002,1.003,1.002,1.030]

QCD_scale=[1.106,1.139,1.108,1.097]

SigOut_scale=[1.036,1.052,1.060,1.089]

jes17_ZA=[1.33,1.22,1.19,1.25]
jes17_ZA-EWK=[1.04,1.04,1.03,1.01]
jes17_TTA=[1.13,1.09,1.00,1.60]
jes17_VV=[1.32,1.21,1.25,1.17]
jes17_ST=[1.07,1.00,1.00,1.00]

jer17_ZA=[1.24,1.14,1.13,1.03]
jer17_ZA-EWK=[1.01,1.01,1.00,1.01]
jer17_TTA=[1.15,1.16,1.18,1.00]
jer17_VV=[1.02,1.08,1.00,1.08]
jer17_ST=[1.21,1.00,1.00,1.00]

l1pref=[1.03,1.04,1.04,1.04]

genbin1_scale=[1.07,1.07,1.00,1.09]
genbin2_scale=[1.07,1.07,1.08,1.00]
genbin3_scale=[1.00,1.08,1.08,1.10]
genbin4_scale=[1.00,1.00,1.09,1.10]

genbin1_pdf=[1.002,1.001,1.000,1.003]
genbin2_pdf=[1.015,1.001,1.002,1.000]
genbin3_pdf=[1.000,1.002,1.002,1.002]
genbin4_pdf=[1.000,1.000,1.032,1.004]

