fake17=[1.145,1.157,1.165]

QCD_pdf=[1.010,1.014,1.022]

SigOut_pdf=[1.001,1.003,1.019]

QCD_scale=[1.118,1.097,1.123]

SigOut_scale=[1.030,1.072,1.109]

jes17_ZA=[1.20,1.21,1.25]
jes17_ZA-EWK=[1.03,1.02,1.00]
jes17_TTA=[1.00,1.08,1.00]
jes17_VV=[1.06,1.18,1.09]
jes17_ST=[1.00,1.00,1.00]

jer17_ZA=[1.06,1.06,1.02]
jer17_ZA-EWK=[1.01,1.01,1.01]
jer17_TTA=[1.03,1.08,1.05]
jer17_VV=[1.00,1.00,1.08]
jer17_ST=[1.00,1.00,1.00]

l1pref=[1.02,1.04,1.06]

genbin1_scale=[1.04,1.06,1.10]
genbin2_scale=[1.07,1.08,1.09]
genbin3_scale=[1.12,1.09,1.10]

genbin1_pdf=[1.001,1.002,1.003]
genbin2_pdf=[1.001,1.001,1.002]
genbin3_pdf=[1.003,1.003,1.008]

