fake16=[1.174,1.171,1.190]

QCD_pdf=[1.010,1.014,1.022]

SigOut_pdf=[1.037,1.040,1.046]

QCD_scale=[1.128,1.135,1.156]

SigOut_scale=[1.023,1.064,1.107]

jes16_ZA=[1.16,1.19,1.26]
jes16_ZA-EWK=[1.03,1.01,1.01]
jes16_TTA=[1.06,0.50,1.08]
jes16_VV=[1.00,1.00,1.50]
jes16_ST=[1.14,1.00,1.00]

jer16_ZA=[1.02,1.03,1.08]
jer16_ZA-EWK=[1.01,1.01,1.00]
jer16_TTA=[1.01,1.00,1.00]
jer16_VV=[1.21,1.00,1.00]
jer16_ST=[1.14,1.00,1.00]

l1pref=[1.01,1.02,1.03]

genbin1_scale=[1.04,1.05,1.09]
genbin2_scale=[1.06,1.07,1.08]
genbin3_scale=[1.07,1.09,1.10]

genbin1_pdf=[1.057,1.000,1.000]
genbin2_pdf=[1.146,1.070,1.000]
genbin3_pdf=[1.052,1.000,1.000]

