fake16=[1.171,1.200,1.215,1.280]

QCD_pdf=[1.011,1.009,1.010,1.029]

SigOut_pdf=[1.038,1.043,1.047,1.048]

QCD_scale=[1.131,1.125,1.108,1.160]

SigOut_scale=[1.042,1.066,1.061,1.084]

jes16_ZA=[1.25,1.14,1.06,1.00]
jes16_ZA-EWK=[1.03,1.02,1.02,1.01]
jes16_TTA=[1.08,1.00,1.17,1.50]
jes16_VV=[1.45,1.00,1.50,1.00]
jes16_ST=[1.14,1.00,1.00,1.00]

jer16_ZA=[1.09,1.04,1.09,1.14]
jer16_ZA-EWK=[1.00,1.01,1.00,1.01]
jer16_TTA=[1.03,1.12,1.08,1.00]
jer16_VV=[1.00,1.00,1.00,1.00]
jer16_ST=[1.14,1.00,1.00,1.00]

l1pref=[1.02,1.02,1.02,1.02]

genbin1_scale=[1.07,1.07,1.00,1.00]
genbin2_scale=[1.07,1.08,1.06,1.00]
genbin3_scale=[1.07,1.08,1.08,1.12]
genbin4_scale=[1.00,1.06,1.09,1.09]

genbin1_pdf=[1.037,1.049,1.000,1.000]
genbin2_pdf=[1.057,1.040,1.054,1.000]
genbin3_pdf=[1.042,1.082,1.038,1.125]
genbin4_pdf=[1.000,1.047,1.055,1.042]

