fake18=[1.154,1.149,1.193]

QCD_pdf=[1.010,1.014,1.022]

SigOut_pdf=[1.002,1.001,1.003]

QCD_scale=[1.115,1.144,1.107]

SigOut_scale=[1.029,1.067,1.116]

jes18_ZA=[1.33,1.18,1.14]
jes18_ZA-EWK=[1.05,1.02,1.01]
jes18_TTA=[1.12,1.06,1.12]
jes18_VV=[1.38,1.24,1.00]
jes18_ST=[1.11,1.00,1.00]

jer18_ZA=[1.05,1.06,1.00]
jer18_ZA-EWK=[1.01,1.00,1.00]
jer18_TTA=[1.03,1.06,1.06]
jer18_VV=[1.05,1.24,1.00]
jer18_ST=[1.00,1.00,1.00]

genbin1_scale=[1.04,1.06,1.09]
genbin2_scale=[1.07,1.07,1.09]
genbin3_scale=[1.12,1.10,1.11]

genbin1_pdf=[1.003,1.000,1.000]
genbin2_pdf=[1.003,1.000,1.000]
genbin3_pdf=[1.006,1.006,1.000]

