fake16=[1.171,1.189,1.162,1.165]

QCD_pdf=[1.011,1.017,1.008,1.073]

SigOut_pdf=[1.039,1.036,1.049,1.058]

QCD_scale=[1.117,1.171,1.136,1.175]

SigOut_scale=[1.040,1.049,1.091,1.097]

jes16_ZA=[1.24,1.10,1.00,1.11]
jes16_ZA-EWK=[1.04,1.01,1.01,1.01]
jes16_TTA=[1.05,1.00,1.20,1.00]
jes16_VV=[1.45,1.00,1.00,1.00]
jes16_ST=[1.14,1.00,1.00,1.00]

jer16_ZA=[1.08,1.01,1.08,1.00]
jer16_ZA-EWK=[1.01,1.00,1.00,1.01]
jer16_TTA=[1.07,1.00,1.00,1.00]
jer16_VV=[1.11,1.00,1.00,1.00]
jer16_ST=[1.14,1.00,1.00,1.00]

l1pref=[1.01,1.02,1.03,1.03]

genbin1_scale=[1.06,1.06,1.10,1.00]
genbin2_scale=[1.07,1.07,1.09,1.00]
genbin3_scale=[1.00,1.09,1.09,1.10]
genbin4_scale=[1.00,1.00,1.10,1.11]

genbin1_pdf=[1.035,1.038,1.046,1.081]
genbin2_pdf=[1.039,1.043,1.051,1.053]
genbin3_pdf=[1.039,1.045,1.080,1.050]
genbin4_pdf=[1.047,1.054,1.060,1.082]

