pt: 20 ~ 25
*	3	4	5	6	7	8
8	1.97
9	1.72	1.00
10	2.20	1.46	1.69
11	2.70	2.09	2.39	3.01
12	2.67	2.17	2.47	0.11	1.87
13	2.695	2.249	2.535	3.030	1.942	2.953
############################################################
pt: 25 ~ 30
*	3	4	5	6	7	8
8	1.11
9	1.26	0.45
10	1.36	0.60	0.03
11	1.74	1.08	1.52	2.08
12	1.64	0.95	1.38	1.87	1.84
13	1.686	1.014	1.442	1.893	1.834	2.332
############################################################
pt: 30 ~ 35
*	3	4	5	6	7	8
8	0.68
9	0.24	0.42
10	0.12	0.23	0.77
11	0.38	0.34	0.59	1.01
12	0.07	0.24	0.40	1.05	1.24
13	0.280	0.260	0.594	1.299	1.508	3.250
############################################################
pt: 35 ~ 50
*	3	4	5	6	7	8
8	2.02
9	2.10	1.54
10	1.84	1.60	1.34
11	1.65	1.36	0.72	1.15
12	1.60	1.34	0.79	0.93	0.44
13	0.978	0.852	0.481	0.810	0.569	0.954
############################################################
pt: 50 ~ 60
*	3	4	5	6	7	8
8	0.40
9	0.45	0.20
10	0.50	0.17	0.14
11	0.29	0.30	0.06	0.01
12	0.30	0.31	0.23	0.11	0.31
13	0.206	0.258	0.171	0.058	0.453	1.464
############################################################
pt: 60 ~ 400
*	3	4	5	6	7	8
8	1.40
9	1.67	1.33
10	1.53	1.54	1.57
11	1.90	1.97	2.07	3.42
12	1.80	1.66	1.87	2.62	2.69
13	2.046	2.059	2.173	3.182	3.193	2.577
############################################################
