[?1034hgenlep1pt   16
1.10234769113
[[3.13304276e-01 3.68851267e-03 5.43526527e-05 0.00000000e+00]
 [1.07856824e-02 3.25936475e-01 5.94714561e-03 5.66972851e-04]
 [0.00000000e+00 1.03124198e-02 3.11466883e-01 2.64664262e-03]
 [0.00000000e+00 0.00000000e+00 1.73711993e-02 3.24843464e-01]]
#################################################
[?1034hgenphotonet   16
1.15455299672
[[3.16796013e-01 3.61130732e-04 0.00000000e+00 0.00000000e+00]
 [9.88414935e-03 3.55662800e-01 2.73662968e-03 0.00000000e+00]
 [7.96714239e-04 5.98689016e-03 3.25376374e-01 4.53182529e-03]
 [3.29137522e-04 3.13674454e-04 2.04517124e-03 3.64713456e-01]]
#################################################
[?1034hgenjet1pt   16
1.39654097197
[[2.91445862e-01 2.13637812e-02 3.16008696e-04 0.00000000e+00]
 [2.57570839e-02 2.87865603e-01 2.49719994e-02 6.81246147e-05]
 [1.26568845e-04 3.60233962e-02 3.11263259e-01 3.21774117e-02]
 [3.12363189e-03 2.56508310e-07 3.04881868e-02 2.84978437e-01]]
#################################################
[?1034hgenMjj   16
2.09517423596
[[ 3.26213206e-01  2.54180847e-02  1.13996295e-04  3.52554404e-03
   1.46832894e-03  8.41655958e-04  1.49190440e-05]
 [ 3.96171091e-02  3.70758313e-01  1.98417535e-02  1.49140302e-03
   3.02200244e-03  1.15351678e-03  6.71634284e-05]
 [ 3.71261437e-03  4.87078686e-02  4.33890418e-01  0.00000000e+00
   2.98668351e-04  6.01240169e-03  0.00000000e+00]
 [ 1.25045621e-02 -1.35956164e-03  0.00000000e+00  2.46951673e-01
   5.51216499e-02  8.33864811e-05 -3.39479359e-05]
 [ 8.25556717e-03  4.06044042e-04  7.00507151e-05  2.51564396e-02
   2.73658723e-01  4.77929732e-02  2.89188802e-03]
 [ 9.16191099e-04  3.50896140e-03  3.53156020e-03  3.17656348e-04
   2.63151094e-02  4.19156546e-01  6.94877828e-03]
 [ 3.11432227e-03  1.58702051e-04  1.21865375e-04  9.66201779e-04
  -1.38458310e-03  1.01565990e-02  3.10603740e-01]]
#################################################
[?1034hgenlep1pt   17
1.32600458379
[[2.49340905e-01 4.46292653e-03 4.25646949e-05 1.14360733e-05]
 [1.69235907e-02 2.89683403e-01 1.05410122e-02 3.71211698e-05]
 [1.17600851e-04 1.19638897e-02 3.15835538e-01 4.91409210e-03]
 [0.00000000e+00 0.00000000e+00 9.82171229e-03 3.19958653e-01]]
#################################################
[?1034hgenphotonet   17
1.37962607827
[[2.71900086e-01 6.39796534e-04 1.36251645e-05 0.00000000e+00]
 [1.37524140e-02 3.04908157e-01 1.74969453e-03 0.00000000e+00]
 [8.27765535e-04 1.51164178e-02 3.63749335e-01 2.55260319e-03]
 [9.10310804e-04 0.00000000e+00 2.11221773e-03 3.72458000e-01]]
#################################################
[?1034hgenjet1pt   17
1.4731954897
[[2.40815024e-01 2.57174313e-02 0.00000000e+00 0.00000000e+00]
 [2.67561686e-02 2.77499500e-01 2.21078355e-02 4.69755596e-05]
 [2.21284441e-03 4.26297365e-02 2.45401907e-01 2.97277996e-02]
 [4.14287455e-04 4.80997399e-04 1.82777664e-02 2.94024700e-01]]
#################################################
[?1034hgenMjj   17
2.44815951227
[[ 3.01613964e-01  3.04424973e-02  5.47800301e-05  3.84904109e-03
   1.06464966e-03  5.63504691e-04 -4.44983802e-04]
 [ 6.82021058e-02  3.46128575e-01  3.06065533e-02  4.69958761e-04
   1.52327995e-03  1.10754487e-03  7.92734310e-05]
 [ 8.72462809e-04  4.99485016e-02  4.35400845e-01  0.00000000e+00
   3.97906380e-04  3.01224493e-03  4.37010031e-05]
 [ 5.74118958e-03  5.87384671e-04  0.00000000e+00  2.16494279e-01
   6.21815153e-02  1.28998882e-04  2.92244540e-03]
 [ 9.15968832e-04  3.24238121e-03  2.12850821e-04  3.16731388e-02
   2.60622970e-01  4.65435336e-02  1.03781894e-02]
 [ 1.81618147e-03  1.00364306e-03  2.05247342e-03  4.18442141e-03
   2.96192122e-02  4.14630954e-01  2.30814331e-03]
 [ 1.03819577e-03  1.07843670e-04  0.00000000e+00  2.82562243e-04
   6.27778664e-03  4.65049269e-03  2.49210189e-01]]
#################################################
[?1034hgenlep1pt   18
1.15712387483
[[3.24723176e-01 4.35664734e-03 5.95383203e-05 4.10359271e-04]
 [1.23416120e-02 3.68945709e-01 4.84591712e-03 3.05079200e-05]
 [0.00000000e+00 6.01880641e-03 3.62213604e-01 3.94797129e-03]
 [0.00000000e+00 0.00000000e+00 1.49732688e-02 3.47798406e-01]]
#################################################
[?1034hgenphotonet   18
1.35982008071
[[ 3.29749323e-01  5.23523304e-04  0.00000000e+00  1.26203082e-05]
 [ 1.23497682e-02  3.94079768e-01  3.67640797e-03  0.00000000e+00]
 [-1.61340953e-03  6.35628426e-03  4.46699645e-01  8.47423587e-03]
 [ 0.00000000e+00  3.62895038e-03 -2.01134823e-03  4.16774448e-01]]
#################################################
[?1034hgenjet1pt   18
1.47328349765
[[2.97997790e-01 3.29004955e-02 2.80060431e-05 0.00000000e+00]
 [2.78984037e-02 3.18452537e-01 2.84958484e-02 8.85146931e-05]
 [4.38658826e-04 3.92329865e-02 3.34563754e-01 3.10319133e-02]
 [0.00000000e+00 1.16358283e-03 3.84315582e-02 3.65254264e-01]]
#################################################
[?1034hgenMjj   18
2.25853477444
[[3.17784351e-01 2.99716760e-02 6.13429720e-04 1.49774869e-03
  1.21775108e-03 4.10796992e-04 5.59564494e-04]
 [4.99644239e-02 3.40325522e-01 2.94696011e-02 1.41900073e-04
  1.76537415e-03 2.41437873e-03 6.70794623e-05]
 [3.24860089e-04 3.97099231e-02 4.25195521e-01 0.00000000e+00
  6.46338204e-04 4.11658824e-03 0.00000000e+00]
 [9.27937227e-03 3.82243487e-04 0.00000000e+00 2.28785585e-01
  4.33018652e-02 1.94501719e-04 5.70044535e-04]
 [2.10777889e-03 5.92371483e-03 3.60031841e-04 2.84585395e-02
  2.38903178e-01 3.72662154e-02 1.83842649e-03]
 [3.68823055e-03 1.42443708e-03 4.10835393e-03 2.10534484e-04
  3.33256443e-02 4.02303219e-01 3.05299021e-03]
 [3.98419487e-03 1.32613978e-04 0.00000000e+00 6.36356094e-03
  2.16027345e-03 5.27369052e-03 2.88775873e-01]]
#################################################
