pt: 20 ~ 25
*	3	4	5	6	7	8
8	0.26
9	0.26	0.31
10	0.28	0.33	0.37
11	0.24	0.28	0.30	0.32
12	0.23	0.26	0.28	0.29	0.25
13	0.220	0.245	0.262	0.266	0.225	0.163
############################################################
pt: 25 ~ 30
*	3	4	5	6	7	8
8	0.37
9	0.41	0.38
10	0.39	0.36	0.32
11	0.35	0.32	0.27	0.32
12	0.31	0.28	0.23	0.26	0.27
13	0.312	0.282	0.242	0.266	0.272	0.242
############################################################
pt: 30 ~ 40
*	3	4	5	6	7	8
8	0.03
9	0.05	0.03
10	0.10	0.08	0.09
11	0.10	0.08	0.08	0.12
12	0.11	0.10	0.10	0.14	0.08
13	0.081	0.068	0.066	0.094	0.039	0.144
############################################################
pt: 40 ~ 50
*	3	4	5	6	7	8
8	0.04
9	0.12	0.08
10	0.07	0.03	0.07
11	0.02	0.03	0.01	0.02
12	0.01	0.04	0.02	0.00	0.03
13	0.010	0.035	0.013	0.008	0.038	0.011
############################################################
pt: 50 ~ 60
*	3	4	5	6	7	8
8	0.32
9	0.28	0.33
10	0.36	0.41	0.44
11	0.34	0.39	0.41	0.39
12	0.31	0.35	0.36	0.33	0.35
13	0.328	0.367	0.379	0.362	0.384	0.340
############################################################
pt: 60 ~ 400
*	3	4	5	6	7	8
8	0.15
9	0.26	0.35
10	0.14	0.21	0.31
11	0.09	0.15	0.23	0.12
12	0.08	0.13	0.20	0.10	0.06
13	0.050	0.094	0.153	0.054	0.011	0.080
############################################################
