fake17=[1.113,1.170,1.160,1.164,1.132,1.146,1.122]

interf17=[1.049,1.047,1.060,0.986,1.000,1.012,1.012]

QCD_pdf=[1.016,1.032,1.019,1.012,1.009,1.037,1.011]

QCD_scale=[1.191,1.207,1.193,1.130,1.098,1.121,1.073]

QCD_scale_up=[1.054,1.062,1.142,0.985,1.000,0.995,0.984]

QCD_scale_down=[0.952,0.948,0.882,1.006,1.014,1.011,1.015]

jes17_ZA=[1.23,1.11,1.21,1.36,1.58,1.39,1.58]
jes17_ZA-EWK=[1.01,1.04,1.05,1.11,1.09,1.08,1.11]
jes17_ZA-EWKout=[1.01,1.05,1.04,1.11,1.07,1.08,1.14]
jes17_TTA=[1.25,1.25,1.25,1.00,1.25,1.00,1.25]
jes17_VV=[1.42,1.42,1.42,1.42,1.42,1.42,1.00]
jes17_ST=[1.25,1.25,1.00,1.25,1.00,1.00,1.00]

jer17_ZA=[1.19,1.08,1.17,1.29,1.46,1.42,1.33]
jer17_ZA-EWK=[1.01,1.01,1.02,1.06,1.04,1.01,1.01]
jer17_ZA-EWKout=[1.02,1.01,1.02,1.04,1.04,1.02,1.04]
jer17_TTA=[1.31,1.31,1.31,1.00,1.31,1.00,1.31]
jer17_VV=[1.22,1.22,1.22,1.22,1.22,1.22,1.00]
jer17_ST=[1.25,1.25,1.00,1.25,1.00,1.00,1.00]

l1pref17=[1.020,1.033,1.058,1.009,1.019,1.045,1.034]

Sig_scale=[1.035,1.060,1.093,1.037,1.060,1.106,1.131]

Sig_pdf=[1.002,1.001,1.002,1.001,1.001,1.002,1.013]

ele_ID=[1.040]
ele_reco=[1.009]
muon_all=[1.012]
muon_trigger=[1.020]
photon_ID=[1.020]
