pt: 20 ~ 25
*	3	4	5	6	7	8
8	0.72
9	0.89	1.50
10	0.90	1.42	1.02
11	0.37	0.76	0.20	0.21
12	0.44	0.81	0.33	0.01	0.76
13	0.428	0.772	0.318	0.017	0.702	0.099
############################################################
pt: 25 ~ 30
*	3	4	5	6	7	8
8	0.92
9	0.89	0.33
10	0.81	0.27	0.15
11	1.13	0.19	0.68	0.77
12	1.03	0.16	0.59	0.65	0.86
13	1.273	0.477	0.960	1.082	1.356	1.888
############################################################
pt: 30 ~ 35
*	3	4	5	6	7	8
8	2.11
9	1.37	1.62
10	1.39	1.61	1.14
11	1.05	1.21	0.66	0.13
12	0.80	0.91	0.35	0.21	0.56
13	0.640	0.729	0.156	0.428	0.813	2.489
############################################################
pt: 35 ~ 50
*	3	4	5	6	7	8
8	0.04
9	0.09	0.67
10	0.06	0.43	0.42
11	0.31	0.78	0.83	0.59
12	0.38	0.82	0.88	0.67	1.12
13	0.542	0.961	1.033	0.880	1.306	1.177
############################################################
pt: 50 ~ 60
*	3	4	5	6	7	8
8	1.48
9	1.44	1.75
10	1.16	1.38	1.19
11	0.71	0.89	0.60	0.42
12	0.57	0.71	0.42	0.22	0.36
13	0.492	0.624	0.337	0.144	0.392	1.595
############################################################
pt: 60 ~ 400
*	3	4	5	6	7	8
8	0.56
9	0.45	0.31
10	0.76	0.70	0.69
11	0.95	0.93	0.97	2.11
12	0.85	0.82	0.83	1.63	1.74
13	0.907	0.885	0.906	1.635	1.738	1.409
############################################################
