pt: 20 ~ 25
*	3	4	5	6	7	8
8	0.05
9	0.06	0.00
10	0.08	0.03	0.02
11	0.09	0.05	0.05	0.10
12	0.08	0.04	0.04	0.08	0.10
13	0.067	0.034	0.027	0.061	0.078	0.076
############################################################
pt: 25 ~ 30
*	3	4	5	6	7	8
8	0.03
9	0.05	0.04
10	0.05	0.08	0.04
11	0.03	0.05	0.05	0.01
12	0.03	0.05	0.04	0.01	0.03
13	0.080	0.105	0.024	0.086	0.112	0.150
############################################################
pt: 30 ~ 40
*	3	4	5	6	7	8
8	0.05
9	0.06	0.10
10	0.11	0.14	0.17
11	0.15	0.18	0.21	0.18
12	0.18	0.22	0.25	0.24	0.25
13	0.187	0.222	0.251	0.236	0.246	0.329
############################################################
pt: 40 ~ 60
*	3	4	5	6	7	8
8	0.16
9	0.15	0.07
10	0.12	0.06	0.01
11	0.11	0.05	0.00	0.02
12	0.14	0.09	0.04	0.07	0.02
13	0.085	0.040	0.008	0.008	0.045	0.006
############################################################
pt: 60 ~ 400
*	3	4	5	6	7	8
8	0.23
9	0.25	0.22
10	0.24	0.22	0.24
11	0.22	0.19	0.21	0.19
12	0.24	0.22	0.24	0.23	0.33
13	0.244	0.224	0.240	0.233	0.324	0.260
############################################################
