pt: 20 ~ 25
*	3	4	5	6	7	8
8	2.60
9	2.46	2.67
10	3.18	3.53	4.81
11	3.09	3.39	4.44	4.05
12	3.19	3.48	4.43	4.10	4.23
13	3.433	3.746	4.718	4.469	4.694	5.023
############################################################
pt: 25 ~ 30
*	3	4	5	6	7	8
8	2.64
9	2.57	2.77
10	2.44	2.59	3.55
11	2.08	2.12	2.75	1.92
12	2.12	2.17	2.75	2.02	1.33
13	2.644	2.790	3.499	2.898	2.395	2.706
############################################################
pt: 30 ~ 50
*	3	4	5	6	7	8
8	3.22
9	3.21	3.47
10	3.34	3.61	3.81
11	3.45	3.73	1.50	1.53
12	3.46	3.71	1.50	1.52	1.43
13	3.199	3.373	1.436	1.448	1.361	3.173
############################################################
pt: 50 ~ 400
*	3	4	5	6	7	8
8	0.54
9	0.50	0.37
10	0.66	0.58	0.26
11	0.87	0.84	0.59	0.71
12	0.71	0.66	0.43	0.49	0.34
13	0.861	0.833	0.646	0.737	0.382	0.448
############################################################
