pt: 20 ~ 25
*	3	4	5	6	7	8
8	0.20
9	0.19	0.22
10	0.24	0.27	0.33
11	0.23	0.26	0.31	0.31
12	0.24	0.26	0.31	0.31	0.32
13	0.251	0.271	0.323	0.321	0.335	0.360
############################################################
pt: 25 ~ 30
*	3	4	5	6	7	8
8	0.28
9	0.27	0.29
10	0.26	0.28	0.35
11	0.23	0.24	0.30	0.24
12	0.24	0.25	0.30	0.26	0.21
13	0.275	0.294	0.344	0.315	0.281	0.312
############################################################
pt: 30 ~ 50
*	3	4	5	6	7	8
8	0.33
9	0.32	0.34
10	0.33	0.35	0.37
11	0.34	0.36	0.37	0.38
12	0.34	0.35	0.37	0.38	0.34
13	0.322	0.334	0.342	0.344	0.304	0.314
############################################################
pt: 50 ~ 400
*	3	4	5	6	7	8
8	0.21
9	0.20	0.17
10	0.21	0.19	0.10
11	0.24	0.20	0.14	0.16
12	0.22	0.18	0.12	0.15	0.17
13	0.222	0.214	0.171	0.186	0.215	0.280
############################################################
