QCD_scale=[0.118477,0.145176,0.142355,0.165407,]
SigOut_scale=[0.0389585,0.0553831,0.0763141,0.0902437,]
QCD_scale=[0.118477,0.145176,0.142355,0.165407,]
SigOut_scale=[0.0397787,0.0558262,0.0763141,0.0902437,]
QCD_scale=[0.118477,0.145176,0.142355,0.165407,]
SigOut_scale=[0.0397787,0.0558262,0.0763141,0.0902437,]
QCD_scale=[0.118477,0.145176,0.142355,0.165407,]
SigOut_scale=[0.0397787,0.0558262,0.0763141,0.0902437,]
QCD_scale=[0.118477,0.145176,0.142355,0.165407,]
SigOut_scale=[0.0397787,0.0558262,0.0763141,0.0902437,]
QCD_scale=[0.118477,0.145176,0.142355,0.165407,]
SigOut_scale=[0.0397787,0.0558262,0.0763141,0.0902437,]
