QCD_scale=[0.0982261,0.168695,0.147408,0.179409,]
SigOut_scale=[0.0362425,0.0592553,0.0700128,0.0912985,]
QCD_scale=[0.0982261,0.168695,0.147408,0.179409,]
SigOut_scale=[0.0363814,0.0592017,0.0733703,0.0912666,]
QCD_scale=[0.0982261,0.168695,0.147408,0.179409,]
SigOut_scale=[0.0363814,0.0592017,0.0733703,0.0912666,]
QCD_scale=[0.0982261,0.168695,0.147408,0.179409,]
SigOut_scale=[0.0363814,0.0592017,0.0733703,0.0912666,]
QCD_scale=[0.0982261,0.168695,0.147408,0.179409,]
SigOut_scale=[0.0363814,0.0592017,0.0733703,0.0912666,]
QCD_scale=[0.0982261,0.168695,0.147408,0.179409,]
SigOut_scale=[0.0363814,0.0592017,0.0733703,0.0912666,]
