QCD_scale=[0.116792,0.171493,0.135951,0.175432,]
SigOut_scale=[0.03963,0.049444,0.0914825,0.0971957,]
QCD_scale=[0.116792,0.171493,0.135951,0.175432,]
SigOut_scale=[0.0396182,0.0492493,0.0905735,0.0993904,]
QCD_scale=[0.116792,0.171493,0.135951,0.175432,]
SigOut_scale=[0.0396182,0.0492493,0.0905735,0.0993904,]
QCD_scale=[0.116792,0.171493,0.135951,0.175432,]
SigOut_scale=[0.0396182,0.0492493,0.0905735,0.0993904,]
QCD_scale=[0.116792,0.171493,0.135951,0.175432,]
SigOut_scale=[0.0396182,0.0492493,0.0905735,0.0993904,]
QCD_scale=[0.116792,0.171493,0.135951,0.175432,]
SigOut_scale=[0.0396182,0.0492493,0.0905735,0.0993904,]
