QCD_scale=[0.104212,0.149221,0.113391,0.125932,]
SigOut_scale=[0.0424623,0.0650004,0.067694,0.0821788,]
QCD_scale=[0.104212,0.149221,0.113391,0.125932,]
SigOut_scale=[0.0432141,0.0647536,0.0676248,0.0795944,]
QCD_scale=[0.104212,0.149221,0.113391,0.125932,]
SigOut_scale=[0.0432141,0.0647536,0.0676248,0.0795944,]
QCD_scale=[0.104212,0.149221,0.113391,0.125932,]
SigOut_scale=[0.0432141,0.0647536,0.0676248,0.0795944,]
QCD_scale=[0.104212,0.149221,0.113391,0.125932,]
SigOut_scale=[0.0432141,0.0647536,0.0676248,0.0795944,]
QCD_scale=[0.104212,0.149221,0.113391,0.125932,]
SigOut_scale=[0.0432141,0.0647536,0.0676248,0.0795944,]
