QCD_scale=[0.121651,0.135788,0.17233,0.186316,]
SigOut_scale=[0.0438398,0.0539723,0.0674346,0.0767007,]
QCD_scale=[0.121651,0.135788,0.17233,0.186316,]
SigOut_scale=[0.0445194,0.0544341,0.0668249,0.07648,]
QCD_scale=[0.121651,0.135788,0.17233,0.186316,]
SigOut_scale=[0.0445194,0.0544341,0.0668249,0.07648,]
QCD_scale=[0.121651,0.135788,0.17233,0.186316,]
SigOut_scale=[0.0445194,0.0544341,0.0668249,0.07648,]
QCD_scale=[0.121651,0.135788,0.17233,0.186316,]
SigOut_scale=[0.0445194,0.0544341,0.0668249,0.07648,]
QCD_scale=[0.121651,0.135788,0.17233,0.186316,]
SigOut_scale=[0.0445194,0.0544341,0.0668249,0.07648,]
