QCD_scale=[0.13113,0.125342,0.107579,0.159756,]
SigOut_scale=[0.0424145,0.0658625,0.0612165,0.0843386,]
QCD_scale=[0.13113,0.125342,0.107579,0.159756,]
SigOut_scale=[0.0426618,0.0658625,0.0607538,0.0871885,]
QCD_scale=[0.13113,0.125342,0.107579,0.159756,]
SigOut_scale=[0.0426618,0.0658625,0.0607538,0.0871885,]
QCD_scale=[0.13113,0.125342,0.107579,0.159756,]
SigOut_scale=[0.0426618,0.0658625,0.0607538,0.0871885,]
QCD_scale=[0.13113,0.125342,0.107579,0.159756,]
SigOut_scale=[0.0426618,0.0658625,0.0607538,0.0871885,]
QCD_scale=[0.13113,0.125342,0.107579,0.159756,]
SigOut_scale=[0.0426618,0.0658625,0.0607538,0.0871885,]
