QCD_scale=[0.105912,0.138709,0.108315,0.0974659,]
SigOut_scale=[0.0364464,0.0520929,0.0600378,0.089373,]
QCD_scale=[0.105912,0.138709,0.108315,0.0974659,]
SigOut_scale=[0.0365167,0.0526418,0.0608095,0.0921761,]
QCD_scale=[0.105912,0.138709,0.108315,0.0974659,]
SigOut_scale=[0.0365167,0.0526418,0.0608095,0.0921761,]
QCD_scale=[0.105912,0.138709,0.108315,0.0974659,]
SigOut_scale=[0.0365167,0.0526418,0.0608095,0.0921761,]
QCD_scale=[0.105912,0.138709,0.108315,0.0974659,]
SigOut_scale=[0.0365167,0.0526418,0.0608095,0.0921761,]
QCD_scale=[0.105912,0.138709,0.108315,0.0974659,]
SigOut_scale=[0.0365167,0.0526418,0.0608095,0.0921761,]
