QCD_scale=[0.138889,0.122208,0.130612,0.0837607,]
SigOut_scale=[0.0374377,0.0427874,0.0672276,0.0841115,]
QCD_scale=[0.138889,0.122208,0.130612,0.0837607,]
SigOut_scale=[0.0374166,0.0429973,0.067677,0.0848028,]
QCD_scale=[0.138889,0.122208,0.130612,0.0837607,]
SigOut_scale=[0.0374166,0.0429973,0.067677,0.0848028,]
QCD_scale=[0.138889,0.122208,0.130612,0.0837607,]
SigOut_scale=[0.0374166,0.0429973,0.067677,0.0848028,]
QCD_scale=[0.138889,0.122208,0.130612,0.0837607,]
SigOut_scale=[0.0374166,0.0429973,0.067677,0.0848028,]
QCD_scale=[0.138889,0.122208,0.130612,0.0837607,]
SigOut_scale=[0.0374166,0.0429973,0.067677,0.0848028,]
