QCD_scale=[0.127203,0.125398,0.111517,0.127266,]
SigOut_scale=[0.0402642,0.051603,0.0524077,0.0856289,]
QCD_scale=[0.127203,0.125398,0.111517,0.127266,]
SigOut_scale=[0.0405551,0.0527811,0.0537359,0.0856289,]
QCD_scale=[0.127203,0.125398,0.111517,0.127266,]
SigOut_scale=[0.0405551,0.0527811,0.0537359,0.0856289,]
QCD_scale=[0.127203,0.125398,0.111517,0.127266,]
SigOut_scale=[0.0405551,0.0527811,0.0537359,0.0856289,]
QCD_scale=[0.127203,0.125398,0.111517,0.127266,]
SigOut_scale=[0.0405551,0.0527811,0.0537359,0.0856289,]
QCD_scale=[0.127203,0.125398,0.111517,0.127266,]
SigOut_scale=[0.0405551,0.0527811,0.0537359,0.0856289,]
