[?1034hgenlep1pt   16
1.10308343137
[[3.16152574e-01 3.74099941e-03 5.43318065e-05 0.00000000e+00]
 [1.08233247e-02 3.31161154e-01 5.94714561e-03 5.66972851e-04]
 [0.00000000e+00 1.12211937e-02 3.16487622e-01 2.70305695e-03]
 [0.00000000e+00 0.00000000e+00 1.74676480e-02 3.28401483e-01]]
#################################################
[?1034hgenphotonet   16
1.15922117347
[[3.21387937e-01 3.61226170e-04 0.00000000e+00 0.00000000e+00]
 [9.90435952e-03 3.58212370e-01 2.74120598e-03 0.00000000e+00]
 [7.96806430e-04 5.98758293e-03 3.25592111e-01 4.53234969e-03]
 [3.29137522e-04 3.13674454e-04 2.14292222e-03 3.71507373e-01]]
#################################################
[?1034hgenjet1pt   16
1.32988231192
[[3.01600452e-01 1.74128614e-02 3.16337600e-04 0.00000000e+00]
 [2.34736498e-02 2.97010370e-01 2.01386811e-02 2.91885275e-05]
 [8.58085791e-05 3.49227261e-02 3.19333349e-01 2.57306446e-02]
 [0.00000000e+00 0.00000000e+00 2.78762056e-02 2.91513019e-01]]
#################################################
[?1034hgenMjj   16
1.9277740817
[[ 3.36356274e-01  2.15567822e-02  9.00030701e-05  3.62553567e-03
   9.87073122e-04  6.86193404e-04  1.71089560e-04]
 [ 3.30860405e-02  3.80340209e-01  1.59448303e-02  0.00000000e+00
   4.69752932e-03  8.93782019e-04  0.00000000e+00]
 [ 1.25016283e-04  4.90402154e-02  4.40357824e-01  1.75953258e-04
   2.98668351e-04  6.01240169e-03  0.00000000e+00]
 [ 1.11559477e-02  1.46921068e-04  0.00000000e+00  2.63452837e-01
   4.65678327e-02  1.41860798e-05 -3.38093301e-04]
 [ 4.34598209e-03  4.81884142e-04  7.00507151e-05  2.26816476e-02
   2.88982502e-01  4.51964984e-02  2.89914509e-03]
 [ 6.44309501e-04  3.10577644e-03  3.62869271e-03  3.74155783e-04
   2.32971073e-02  4.24348572e-01  6.89556658e-03]
 [ 3.11680566e-03  1.58828601e-04  0.00000000e+00 -5.76634353e-03
  -1.24579164e-03  9.73338520e-03  3.24289298e-01]]
#################################################
[?1034hgenlep1pt   17
1.34793079681
[[2.53506476e-01 4.52510515e-03 4.24663034e-05 1.14096380e-05]
 [1.65304342e-02 2.95344690e-01 1.05481367e-02 3.71761780e-05]
 [1.17729689e-04 1.33869138e-02 3.23553391e-01 4.91643033e-03]
 [0.00000000e+00 0.00000000e+00 9.81662372e-03 3.33456819e-01]]
#################################################
[?1034hgenphotonet   17
1.41300002425
[[2.77232866e-01 6.39937314e-04 1.36127428e-05 0.00000000e+00]
 [1.39695984e-02 3.11480776e-01 1.73697620e-03 0.00000000e+00]
 [8.27412998e-04 1.51099799e-02 3.70628416e-01 2.55151606e-03]
 [9.09805679e-04 0.00000000e+00 2.11104568e-03 3.89395249e-01]]
#################################################
[?1034hgenjet1pt   17
1.41406584634
[[2.52868625e-01 1.97525965e-02 0.00000000e+00 0.00000000e+00]
 [2.23555301e-02 2.91766927e-01 1.96227562e-02 3.38088937e-05]
 [3.85381729e-04 4.33264587e-02 2.53319317e-01 2.72351056e-02]
 [2.76279525e-04 2.51997517e-04 1.69411832e-02 2.95827871e-01]]
#################################################
[?1034hgenMjj   17
2.3259229365
[[ 3.20484488e-01  2.40910648e-02  3.47142166e-06  3.84938060e-03
   1.13611179e-03  4.72733442e-04 -4.46671600e-04]
 [ 5.71478022e-02  3.70856866e-01  2.09523071e-02  3.52708936e-04
   2.14585540e-03  4.81974642e-04  7.78981501e-05]
 [ 6.51036620e-04  4.03149346e-02  4.46413116e-01  0.00000000e+00
   3.97445885e-04  3.06557452e-03  4.36504281e-05]
 [ 5.73437876e-03  5.86341871e-04  0.00000000e+00  2.22344578e-01
   5.42781522e-02  1.31082340e-04  1.71155978e-03]
 [ 7.51472652e-04  3.43271975e-03  2.13152234e-04  3.65481037e-02
   2.83607721e-01  3.30660932e-02  9.70313876e-03]
 [ 1.83480975e-03  8.27148563e-04  2.20494837e-03  3.76067891e-03
   2.97571041e-02  4.17096918e-01  2.16221020e-03]
 [ 1.04457560e-03  1.08506381e-04  0.00000000e+00  4.57585231e-03
   1.13126308e-03  4.67140187e-03  2.60375261e-01]]
#################################################
[?1034hgenlep1pt   18
1.15974112938
[[3.29258239e-01 4.76886949e-03 5.95371641e-05 4.10351302e-04]
 [1.23911251e-02 3.76757571e-01 4.84942034e-03 3.05299748e-05]
 [0.00000000e+00 6.12220040e-03 3.60698504e-01 3.89288932e-03]
 [0.00000000e+00 0.00000000e+00 1.49732688e-02 3.51498539e-01]]
#################################################
[?1034hgenphotonet   18
1.37483316938
[[ 3.33814435e-01  5.23629913e-04  0.00000000e+00  1.26228781e-05]
 [ 1.23508386e-02  4.00008569e-01  3.58876930e-03  0.00000000e+00]
 [-1.61320725e-03  6.46951208e-03  4.57585796e-01  5.62843347e-03]
 [ 0.00000000e+00  3.62895038e-03 -2.01134823e-03  4.17422819e-01]]
#################################################
[?1034hgenjet1pt   18
1.38753730549
[[3.12528708e-01 2.50451908e-02 2.80130888e-05 0.00000000e+00]
 [2.48300987e-02 3.28188157e-01 2.33371945e-02 0.00000000e+00]
 [3.07084810e-04 3.26627055e-02 3.44362534e-01 2.67097508e-02]
 [0.00000000e+00 5.96568920e-04 3.12682106e-02 3.78529163e-01]]
#################################################
[?1034hgenMjj   18
2.08973111515
[[3.28873070e-01 2.41744425e-02 5.89937555e-04 1.03097816e-03
  1.68039835e-03 3.91229142e-04 7.06453643e-05]
 [4.49973046e-02 3.49385864e-01 2.76737897e-02 1.41900073e-04
  3.23705551e-03 8.72643665e-04 6.70794623e-05]
 [3.24860089e-04 3.66453880e-02 4.29602730e-01 0.00000000e+00
  4.77297825e-04 3.96850524e-03 0.00000000e+00]
 [9.04711867e-03 3.23993366e-04 0.00000000e+00 2.48225413e-01
  3.52916943e-02 1.25632470e-04 5.10891782e-04]
 [1.74087706e-03 6.02024124e-03 2.59275135e-04 3.01721151e-02
  2.46585718e-01 2.99437417e-02 4.13724126e-03]
 [3.51780747e-03 1.01922677e-03 4.10835393e-03 0.00000000e+00
  3.10981309e-02 4.06105918e-01 3.15365608e-03]
 [3.69698883e-03 1.32611732e-04 0.00000000e+00 5.87903118e-03
  2.16750752e-03 5.12141781e-03 2.91168511e-01]]
#################################################
