/home/pku/anying/cms/rootfiles/WWg/2018/cutlep-outDEle*.root -> ./cutlep-outEle18.root
add root
get tree; 695471
0 695471 1
10000 695471 1
20000 695471 1
30000 695471 1
40000 695471 1
50000 695471 1
60000 695471 1
70000 695471 1
80000 695471 1
90000 695471 1
100000 695471 1
110000 695471 1
120000 695471 1
130000 695471 1
140000 695471 1
150000 695471 1
160000 695471 1
170000 695471 1
180000 695471 1
190000 695471 1
200000 695471 1
210000 695471 1
220000 695471 1
230000 695471 1
240000 695471 1
250000 695471 1
260000 695471 1
270000 695471 1
280000 695471 1
290000 695471 1
300000 695471 1
310000 695471 1
320000 695471 1
330000 695471 1
340000 695471 1
350000 695471 1
360000 695471 1
370000 695471 1
380000 695471 1
390000 695471 1
400000 695471 1
410000 695471 1
420000 695471 1
430000 695471 1
440000 695471 1
450000 695471 1
460000 695471 1
470000 695471 1
480000 695471 1
490000 695471 1
500000 695471 1
510000 695471 1
520000 695471 1
530000 695471 1
540000 695471 1
550000 695471 1
560000 695471 1
570000 695471 1
580000 695471 1
590000 695471 1
600000 695471 1
610000 695471 1
620000 695471 1
630000 695471 1
640000 695471 1
650000 695471 1
660000 695471 1
670000 695471 1
680000 695471 1
690000 695471 1
695471 8870
/home/pku/anying/cms/rootfiles/WWg/2018/cutlep-outMuonEG*.root -> ./cutlep-outMuonEG18.root
add root
get tree; 1424025
0 1424025 1
10000 1424025 1
20000 1424025 1
30000 1424025 1
40000 1424025 1
50000 1424025 1
60000 1424025 1
70000 1424025 1
80000 1424025 1
90000 1424025 1
100000 1424025 1
110000 1424025 1
120000 1424025 1
130000 1424025 1
140000 1424025 1
150000 1424025 1
160000 1424025 1
170000 1424025 1
180000 1424025 1
190000 1424025 1
200000 1424025 1
210000 1424025 1
220000 1424025 1
230000 1424025 1
240000 1424025 1
250000 1424025 1
260000 1424025 1
270000 1424025 1
280000 1424025 1
290000 1424025 1
300000 1424025 1
310000 1424025 1
320000 1424025 1
330000 1424025 1
340000 1424025 1
350000 1424025 1
360000 1424025 1
370000 1424025 1
380000 1424025 1
390000 1424025 1
400000 1424025 1
410000 1424025 1
420000 1424025 1
430000 1424025 1
440000 1424025 1
450000 1424025 1
460000 1424025 1
470000 1424025 1
480000 1424025 1
490000 1424025 1
500000 1424025 1
510000 1424025 1
520000 1424025 1
530000 1424025 1
540000 1424025 1
550000 1424025 1
560000 1424025 1
570000 1424025 1
580000 1424025 1
590000 1424025 1
600000 1424025 1
610000 1424025 1
620000 1424025 1
630000 1424025 1
640000 1424025 1
650000 1424025 1
660000 1424025 1
670000 1424025 1
680000 1424025 1
690000 1424025 1
700000 1424025 1
710000 1424025 1
720000 1424025 1
730000 1424025 1
740000 1424025 1
750000 1424025 1
760000 1424025 1
770000 1424025 1
780000 1424025 1
790000 1424025 1
800000 1424025 1
810000 1424025 1
820000 1424025 1
830000 1424025 1
840000 1424025 1
850000 1424025 1
860000 1424025 1
870000 1424025 1
880000 1424025 1
890000 1424025 1
900000 1424025 1
910000 1424025 1
920000 1424025 1
930000 1424025 1
940000 1424025 1
950000 1424025 1
960000 1424025 1
970000 1424025 1
980000 1424025 1
990000 1424025 1
1000000 1424025 1
1010000 1424025 1
1020000 1424025 1
1030000 1424025 1
1040000 1424025 1
1050000 1424025 1
1060000 1424025 1
1070000 1424025 1
1080000 1424025 1
1090000 1424025 1
1100000 1424025 1
1110000 1424025 1
1120000 1424025 1
1130000 1424025 1
1140000 1424025 1
1150000 1424025 1
1160000 1424025 1
1170000 1424025 1
1180000 1424025 1
1190000 1424025 1
1200000 1424025 1
1210000 1424025 1
1220000 1424025 1
1230000 1424025 1
1240000 1424025 1
1250000 1424025 1
1260000 1424025 1
1270000 1424025 1
1280000 1424025 1
1290000 1424025 1
1300000 1424025 1
1310000 1424025 1
1320000 1424025 1
1330000 1424025 1
1340000 1424025 1
1350000 1424025 1
1360000 1424025 1
1370000 1424025 1
1380000 1424025 1
1390000 1424025 1
1400000 1424025 1
1410000 1424025 1
1420000 1424025 1
1424025 12381
/home/pku/anying/cms/rootfiles/WWg/2018/cutlep-outDMuon*.root -> ./cutlep-outMuon18.root
add root
get tree; 1228898
0 1228898 1
10000 1228898 1
20000 1228898 1
30000 1228898 1
40000 1228898 1
50000 1228898 1
60000 1228898 1
70000 1228898 1
80000 1228898 1
90000 1228898 1
100000 1228898 1
110000 1228898 1
120000 1228898 1
130000 1228898 1
140000 1228898 1
150000 1228898 1
160000 1228898 1
170000 1228898 1
180000 1228898 1
190000 1228898 1
200000 1228898 1
210000 1228898 1
220000 1228898 1
230000 1228898 1
240000 1228898 1
250000 1228898 1
260000 1228898 1
270000 1228898 1
280000 1228898 1
290000 1228898 1
300000 1228898 1
310000 1228898 1
320000 1228898 1
330000 1228898 1
340000 1228898 1
350000 1228898 1
360000 1228898 1
370000 1228898 1
380000 1228898 1
390000 1228898 1
400000 1228898 1
410000 1228898 1
420000 1228898 1
430000 1228898 1
440000 1228898 1
450000 1228898 1
460000 1228898 1
470000 1228898 1
480000 1228898 1
490000 1228898 1
500000 1228898 1
510000 1228898 1
520000 1228898 1
530000 1228898 1
540000 1228898 1
550000 1228898 1
560000 1228898 1
570000 1228898 1
580000 1228898 1
590000 1228898 1
600000 1228898 1
610000 1228898 1
620000 1228898 1
630000 1228898 1
640000 1228898 1
650000 1228898 1
660000 1228898 1
670000 1228898 1
680000 1228898 1
690000 1228898 1
700000 1228898 1
710000 1228898 1
720000 1228898 1
730000 1228898 1
740000 1228898 1
750000 1228898 1
760000 1228898 1
770000 1228898 1
780000 1228898 1
790000 1228898 1
800000 1228898 1
810000 1228898 1
820000 1228898 1
830000 1228898 1
840000 1228898 1
850000 1228898 1
860000 1228898 1
870000 1228898 1
880000 1228898 1
890000 1228898 1
900000 1228898 1
910000 1228898 1
920000 1228898 1
930000 1228898 1
940000 1228898 1
950000 1228898 1
960000 1228898 1
970000 1228898 1
980000 1228898 1
990000 1228898 1
1000000 1228898 1
1010000 1228898 1
1020000 1228898 1
1030000 1228898 1
1040000 1228898 1
1050000 1228898 1
1060000 1228898 1
1070000 1228898 1
1080000 1228898 1
1090000 1228898 1
1100000 1228898 1
1110000 1228898 1
1120000 1228898 1
1130000 1228898 1
1140000 1228898 1
1150000 1228898 1
1160000 1228898 1
1170000 1228898 1
1180000 1228898 1
1190000 1228898 1
1200000 1228898 1
1210000 1228898 1
1220000 1228898 1
1228898 10099
