fake17=[1.282,1.275,1.236,1.251,1.275,1.265,1.259]

interf17=[1.037,1.041,1.058,1.009,1.006,1.012,1.012]

QCD_pdf=[1.014,1.021,1.019,1.012,1.010,1.035,1.012]

SigOut_pdf=[1.001,1.001,1.006,1.001,1.001,1.002,1.012]

QCD_scale=[1.159,1.206,1.194,1.095,1.105,1.110,1.069]

scale_band1=[1.032,1.058,1.104,1.003,1.010,1.033,1.047]
scale_band2=[1.125,1.146,1.086,1.091,1.105,1.110,1.069]
scale_band3=[1.159,1.206,1.194,1.095,1.096,1.076,1.021]

QCD_scale_up=[1.034,1.062,1.115,1.001,0.992,0.968,0.951]

QCD_scale_down=[0.971,0.947,0.906,0.996,1.012,1.035,1.046]

SigOut_scale=[1.025,1.058,1.087,1.023,1.062,1.090,1.091]

jes17_ZA=[1.27,1.11,1.29,1.44,1.39,1.40,1.58]
jes17_ZA-EWK=[1.07,1.03,1.05,1.28,1.14,1.08,1.17]
jes17_ZA-EWKout=[1.20,1.13,1.11,1.30,1.32,1.20,1.44]
jes17_TTA=[1.21,1.21,1.21,1.21,1.21,1.00,1.21]
jes17_VV=[1.52,1.52,1.52,1.52,1.52,1.52,1.52]
jes17_ST=[1.26,1.26,1.00,1.26,1.26,1.00,1.00]

jer17_ZA=[1.22,1.07,1.28,1.37,1.39,1.31,1.49]
jer17_ZA-EWK=[1.06,1.01,1.02,1.25,1.12,1.02,1.15]
jer17_ZA-EWKout=[1.13,1.07,1.07,1.23,1.26,1.17,1.34]
jer17_TTA=[1.26,1.26,1.26,1.26,1.26,1.00,1.26]
jer17_VV=[1.43,1.43,1.43,1.43,1.43,1.43,1.43]
jer17_ST=[1.02,1.02,1.00,1.02,1.02,1.00,1.00]

l1pref17=[1.035,1.050,1.071,1.026,1.031,1.068,1.040]

Sig_scale=[1.039,1.016,1.016,1.040,1.016,1.026,1.050]

Sig_pdf=[1.001,1.001,1.001,1.001,1.001,1.001,1.003]

ele_ID=[1.086]
ele_reco=[1.010]
muon_all=[1.014]
muon_trigger=[1.006]
photon_ID=[1.033]
ZA_eff=[1.008,1.005,1.005,1.002,1.000,1.034,1.008]
ZA-EWK_eff=[1.004,1.001,1.000,1.031,1.010,1.003,1.025]
ZA-EWKout_eff=[1.011,1.000,1.000,1.037,1.013,1.016,1.048]
TTA_eff=[1.009,1.009,1.009,1.009,1.009,1.009,1.009]
VV_eff=[1.006,1.006,1.006,1.006,1.006,1.006,1.006]
ST_eff=[1.000,1.000,1.000,1.000,1.000,1.000,1.000]

ZA_mis=[1.000,1.000,1.000,1.001,1.000,1.000,1.002]
ZA-EWK_mis=[1.000,1.000,1.000,1.000,1.000,1.000,1.000]
ZA-EWKout_mis=[1.002,1.000,1.000,1.014,1.017,1.000,1.030]
TTA_mis=[1.157,1.157,1.157,1.157,1.157,1.157,1.157]
VV_mis=[1.000,1.000,1.000,1.000,1.000,1.000,1.000]
ST_mis=[1.000,1.000,1.000,1.000,1.000,1.000,1.000]

