fake18=[1.114,1.110,1.175,1.099,1.100,1.184,1.098]

interf18=[1.056,1.030,1.061,1.061,1.010,1.022,1.019]

QCD_pdf=[1.014,1.027,1.017,1.012,1.009,1.033,1.012]

SigOut_pdf=[1.002,1.002,1.002,1.002,1.001,1.002,1.002]

QCD_scale=[1.160,1.191,1.251,1.103,1.154,1.174,1.092]

QCD_scale_up=[1.030,1.052,1.094,0.965,1.055,1.044,0.974]

QCD_scale_down=[0.975,0.959,0.921,1.027,0.946,0.962,1.018]

SigOut_scale=[1.023,1.062,1.091,1.022,1.052,1.099,1.095]

jes18_ZA=[1.27,1.20,1.29,1.59,1.44,1.38,1.93]
jes18_ZA-EWK=[1.05,1.05,1.13,1.19,1.06,1.11,1.03]
jes18_ZA-EWKout=[1.03,1.06,1.13,1.04,1.04,1.12,1.09]
jes18_TTA=[1.27,1.27,1.27,1.27,1.27,1.27,1.27]
jes18_VV=[1.62,1.62,1.62,1.62,1.62,1.00,1.62]
jes18_ST=[1.81,1.00,1.00,1.00,1.00,1.00,1.81]

jer18_ZA=[1.13,1.07,1.05,1.23,1.17,1.14,1.25]
jer18_ZA-EWK=[1.01,1.00,1.02,1.04,1.00,1.01,1.01]
jer18_ZA-EWKout=[1.00,1.00,1.02,1.04,1.02,1.01,1.02]
jer18_TTA=[1.01,1.01,1.01,1.01,1.01,1.01,1.01]
jer18_VV=[1.15,1.15,1.15,1.15,1.15,1.00,1.15]
jer18_ST=[1.13,1.00,1.00,1.00,1.00,1.00,1.13]

Sig_scale=[1.037,1.059,1.093,1.039,1.061,1.106,1.124]

Sig_pdf=[1.001,1.001,1.002,1.002,1.001,1.002,1.003]

ele_ID=[1.027]
ele_reco=[1.013]
muon_all=[1.013]
muon_trigger=[1.020]
photon_ID=[1.016]
