fake17=[1.223,1.241,1.344,1.204,1.210,1.220,1.212]

interf17=[1.038,1.043,1.057,1.018,1.006,1.011,1.015]

QCD_pdf=[1.014,1.028,1.018,1.012,1.010,1.032,1.012]

SigOut_pdf=[1.002,1.002,1.007,1.002,1.003,1.002,1.024]

QCD_scale=[1.158,1.208,1.194,1.100,1.103,1.108,1.062]

scale_band1=[1.031,1.058,1.104,1.006,1.012,1.043,1.029]
scale_band2=[1.125,1.147,1.087,1.092,1.103,1.108,1.062]
scale_band3=[1.158,1.208,1.194,1.100,1.091,1.064,1.034]

QCD_scale_up=[1.034,1.063,1.114,1.003,0.989,0.959,0.969]

QCD_scale_down=[0.971,0.946,0.907,0.992,1.014,1.044,1.026]

SigOut_scale=[1.025,1.062,1.094,1.022,1.058,1.092,1.092]

l1pref17=[1.032,1.052,1.068,1.024,1.035,1.055,1.032]

Sig_scale=[1.040,1.018,1.015,1.041,1.018,1.025,1.049]

Sig_pdf=[1.002,1.002,1.002,1.003,1.002,1.001,1.007]

ele_ID=[1.086]
ele_reco=[1.010]
muon_all=[1.014]
muon_trigger=[1.006]
photon_ID=[1.033]
