fake16=[1.208,1.225,1.203,1.202,1.201,1.211,1.173]

interf16=[1.027,1.060,1.063,1.039,1.010,1.010,1.003]

QCD_pdf=[1.014,1.021,1.019,1.012,1.010,1.035,1.012]

SigOut_pdf=[1.038,1.041,1.039,1.042,1.039,1.042,1.040]

QCD_scale=[1.147,1.189,1.203,1.109,1.113,1.151,1.089]

scale_band1=[1.035,1.055,1.072,1.005,1.007,1.048,1.000]
scale_band2=[1.111,1.132,1.129,1.103,1.105,1.100,1.088]
scale_band3=[1.147,1.189,1.203,1.109,1.113,1.151,1.088]

QCD_scale_up=[1.038,1.061,1.079,1.003,1.007,1.057,0.995]

QCD_scale_down=[0.968,0.951,0.934,0.994,0.993,0.961,0.995]

SigOut_scale=[1.018,1.060,1.084,1.021,1.050,1.090,1.084]

jes16_ZA=[1.08,1.07,1.04,1.20,1.23,1.21,1.38]
jes16_ZA-EWK=[1.02,1.02,1.04,1.07,1.03,1.04,1.02]
jes16_ZA-EWKout=[1.13,1.04,1.06,1.16,1.11,1.10,1.14]
jes16_TTA=[1.03,1.03,1.03,1.03,1.03,1.03,1.03]
jes16_VV=[1.11,1.00,1.00,1.11,1.11,1.00,1.00]
jes16_ST=[1.53,1.00,1.00,1.00,1.00,1.00,1.00]

jer16_ZA=[1.06,1.03,1.03,1.17,1.12,1.12,1.31]
jer16_ZA-EWK=[1.02,1.01,1.01,1.03,1.01,1.00,1.01]
jer16_ZA-EWKout=[1.06,1.01,1.03,1.10,1.10,1.03,1.08]
jer16_TTA=[1.05,1.05,1.05,1.05,1.05,1.05,1.05]
jer16_VV=[1.25,1.00,1.00,1.25,1.25,1.00,1.00]
jer16_ST=[1.00,1.00,1.00,1.00,1.00,1.00,1.00]

l1pref16=[1.013,1.020,1.035,1.009,1.012,1.030,1.016]

Sig_scale=[1.042,1.020,1.016,1.044,1.021,1.026,1.047]

Sig_pdf=[1.009,1.007,1.006,1.009,1.007,1.007,1.011]

ele_ID=[1.063]
ele_reco=[1.012]
muon_all=[1.024]
muon_trigger=[1.006]
photon_ID=[1.026]
