fake18=[1.088,1.097,1.104,1.079,1.090,1.097,1.079]

interf18=[1.054,1.030,1.058,1.050,1.011,1.018,1.019]

QCD_pdf=[1.012,1.017,1.016,1.012,1.011,1.024,1.012]

SigOut_pdf=[1.001,1.002,1.003,1.002,1.001,1.002,1.002]

QCD_scale=[1.145,1.194,1.250,1.094,1.146,1.111,1.083]

scale_muR1=[1.026,1.053,1.083,1.010,1.039,1.001,1.018]
scale_muF1=[1.117,1.139,1.164,1.094,1.105,1.111,1.083]
scale_muFmuR=[1.145,1.194,1.250,1.085,1.146,1.110,1.066]

QCD_scale_up=[1.028,1.058,1.090,0.988,1.039,1.001,0.978]

QCD_scale_down=[0.976,0.952,0.925,1.007,0.962,1.004,1.014]

SigOut_scale=[1.027,1.057,1.092,1.017,1.052,1.086,1.087]

jes18_ZA=[1.12,1.14,1.11,1.30,1.24,1.18,1.55]
jes18_ZA-EWK=[1.04,1.03,1.06,1.10,1.02,1.05,1.03]
jes18_ZA-EWKout=[1.17,1.07,1.06,1.16,1.16,1.17,1.20]
jes18_TTA=[1.09,1.09,1.09,1.09,1.09,1.09,1.09]
jes18_VV=[1.16,1.16,1.16,1.16,1.16,1.00,1.16]
jes18_ST=[1.39,1.00,1.00,1.00,1.00,1.00,1.39]

jer18_ZA=[1.07,1.07,1.08,1.36,1.21,1.12,1.39]
jer18_ZA-EWK=[1.01,1.00,1.01,1.03,1.01,1.00,1.01]
jer18_ZA-EWKout=[1.07,1.05,1.01,1.09,1.15,1.05,1.07]
jer18_TTA=[1.08,1.08,1.08,1.08,1.08,1.08,1.08]
jer18_VV=[1.28,1.28,1.28,1.28,1.28,1.00,1.28]
jer18_ST=[1.13,1.00,1.00,1.00,1.00,1.00,1.13]

Sig_scale=[1.040,1.018,1.013,1.040,1.017,1.027,1.047]

Sig_pdf=[1.001,1.001,1.000,1.001,1.001,1.001,1.002]

ele_ZA_ID=[1.076,1.069,1.082,1.049,1.093,1.058,1.071]
ele_ZA-EWK_ID=[1.074,1.072,1.066,1.081,1.085,1.076,1.069]
ele_TTA_ID=[1.006,1.006,1.006,1.000,1.006,1.006,1.006]
ele_VV_ID=[1.020,1.000,1.020,1.020,1.020,1.000,1.020]
ele_ST_ID=[1.300,1.000,1.000,1.300,1.000,1.000,1.000]

ele_ZA_reco=[1.007,1.009,1.008,1.004,1.006,1.006,1.004]
ele_ZA-EWK_reco=[1.006,1.007,1.007,1.005,1.006,1.007,1.006]
ele_TTA_reco=[1.004,1.004,1.004,1.000,1.004,1.004,1.004]
ele_VV_reco=[1.005,1.000,1.005,1.005,1.005,1.000,1.005]
ele_ST_reco=[1.006,1.000,1.000,1.006,1.000,1.000,1.000]

muon_ZA_all=[1.003,1.003,1.003,1.003,1.003,1.004,1.003]
muon_ZA-EWK_all=[1.003,1.003,1.003,1.003,1.003,1.003,1.003]
muon_TTA_all=[1.003,1.003,1.003,1.003,1.003,1.003,1.003]
muon_VV_all=[1.004,1.004,1.000,1.004,1.000,1.000,1.004]
muon_ST_all=[1.001,1.000,1.000,1.000,1.000,1.000,1.000]

muon_ZA_trigger=[1.006,1.008,1.006,1.007,1.006,1.007,1.007]
muon_ZA-EWK_trigger=[1.007,1.006,1.006,1.007,1.007,1.006,1.007]
muon_TTA_trigger=[1.006,1.006,1.006,1.006,1.006,1.006,1.006]
muon_VV_trigger=[1.005,1.005,1.000,1.005,1.000,1.000,1.005]
muon_ST_trigger=[1.008,1.000,1.000,1.000,1.000,1.000,1.000]

photon_ZA_ID=[1.028,1.031,1.038,1.028,1.029,1.030,1.029]
photon_ZA-EWK_ID=[1.027,1.028,1.030,1.028,1.027,1.028,1.027]
photon_TTA_ID=[1.031,1.031,1.031,1.031,1.031,1.031,1.031]
photon_VV_ID=[1.026,1.026,1.026,1.026,1.026,1.000,1.026]
photon_ST_ID=[1.031,1.000,1.000,1.031,1.000,1.000,1.000]

pu_ZA=[1.072,1.079,1.132,1.133,1.117,1.103,1.159]
pu_ewk=[1.072,1.072,1.072,1.072,1.072,1.072,1.072]
pu_TTA=[1.153,1.202,1.037,1.331,1.037,1.142,1.073]
pu_VV=[1.085,1.085,1.085,1.085,1.085,1.000,1.085]
pu_ST=[1.045,1.000,1.000,1.045,1.000,1.000,1.000]

