fake17=[1.100,1.116,1.000,1.073,1.069,1.078,1.077]

interf17=[1.055,1.046,1.060,1.000,0.992,1.008,1.008]

QCD_pdf=[1.014,1.027,1.017,1.012,1.009,1.033,1.012]

SigOut_pdf=[1.002,1.002,1.004,1.002,1.002,1.002,1.021]

QCD_scale=[1.195,1.215,1.208,1.107,1.115,1.106,1.064]

scale_band1=[1.053,1.062,1.120,1.000,1.013,1.027,1.023]
scale_band2=[1.139,1.151,1.083,1.106,1.115,1.106,1.064]
scale_band3=[1.195,1.215,1.208,1.107,1.102,1.079,1.043]

QCD_scale_up=[1.057,1.067,1.132,0.995,0.990,0.977,0.975]

QCD_scale_down=[0.950,0.943,0.892,0.995,1.017,1.031,1.020]

SigOut_scale=[1.026,1.064,1.093,1.027,1.058,1.090,1.103]

jes17_ZA=[1.19,1.12,1.23,1.27,1.48,1.35,1.54]
jes17_ZA-EWK=[1.05,1.04,1.08,1.12,1.09,1.09,1.03]
jes17_ZA-EWKout=[1.01,1.05,1.05,1.04,1.05,1.07,1.11]
jes17_TTA=[1.17,1.17,1.17,1.17,1.17,1.00,1.17]
jes17_VV=[1.32,1.32,1.32,1.32,1.32,1.32,1.32]
jes17_ST=[1.17,1.17,1.00,1.17,1.17,1.00,1.17]

jer17_ZA=[1.14,1.12,1.27,1.15,1.35,1.34,1.37]
jer17_ZA-EWK=[1.01,1.00,1.02,1.04,1.03,1.01,1.01]
jer17_ZA-EWKout=[1.03,1.01,1.02,1.05,1.02,1.01,1.02]
jer17_TTA=[1.25,1.25,1.25,1.25,1.25,1.00,1.25]
jer17_VV=[1.14,1.14,1.14,1.14,1.14,1.14,1.14]
jer17_ST=[1.31,1.31,1.00,1.31,1.31,1.00,1.31]

l1pref17=[1.026,1.032,1.062,1.008,1.025,1.053,1.033]

Sig_scale=[1.037,1.060,1.093,1.042,1.061,1.107,1.136]

Sig_pdf=[1.002,1.001,1.002,1.002,1.001,1.002,1.014]

ele_ID=[1.038]
ele_reco=[1.009]
muon_all=[1.012]
muon_trigger=[1.020]
photon_ID=[1.020]
