fake18=[1.298,1.348,1.167,1.304,1.310,1.311,1.246]

interf18=[1.054,1.030,1.058,1.051,1.011,1.018,1.019]

QCD_pdf=[1.012,1.017,1.014,1.013,1.010,1.024,1.012]

SigOut_pdf=[1.001,1.002,1.002,1.002,1.001,1.002,1.002]

QCD_scale=[1.151,1.188,1.196,1.097,1.151,1.102,1.068]

scale_muR1=[1.031,1.053,1.054,1.019,1.041,1.001,1.012]
scale_muF1=[1.119,1.133,1.140,1.097,1.108,1.102,1.068]
scale_muFmuR=[1.151,1.188,1.196,1.077,1.151,1.101,1.057]

QCD_scale_up=[1.033,1.058,1.059,0.978,1.042,1.001,0.985]

QCD_scale_down=[0.971,0.951,0.951,1.016,0.960,1.003,1.008]

SigOut_scale=[1.026,1.058,1.093,1.018,1.053,1.086,1.088]

jes18_ZA=[1.14,1.10,1.12,1.39,1.26,1.29,1.40]
jes18_ZA-EWK=[1.23,1.11,1.07,1.35,1.19,1.17,1.36]
jes18_ZA-EWKout=[1.23,1.11,1.07,1.35,1.19,1.17,1.36]
jes18_TTA=[1.25,1.25,1.25,1.25,1.25,1.25,1.25]
jes18_VV=[1.35,1.35,1.35,1.35,1.35,1.00,1.35]
jes18_ST=[1.36,1.00,1.00,1.00,1.00,1.00,1.00]

jer18_ZA=[1.09,1.03,1.09,1.36,1.14,1.19,1.32]
jer18_ZA-EWK=[1.04,1.01,1.01,1.21,1.08,1.02,1.12]
jer18_ZA-EWKout=[1.12,1.09,1.02,1.30,1.17,1.11,1.23]
jer18_TTA=[1.20,1.20,1.20,1.20,1.20,1.20,1.20]
jer18_VV=[1.13,1.13,1.13,1.13,1.13,1.00,1.13]
jer18_ST=[1.11,1.00,1.00,1.00,1.00,1.00,1.00]

Sig_scale=[1.040,1.018,1.013,1.040,1.017,1.027,1.047]

Sig_pdf=[1.001,1.001,1.000,1.001,1.001,1.001,1.002]

ele_ZA_ID=[1.078,1.070,1.091,1.058,1.090,1.069,1.081]
ele_ZA-EWK_ID=[1.073,1.072,1.066,1.082,1.085,1.076,1.070]
ele_TTA_ID=[1.002,1.002,1.002,1.000,1.002,1.002,1.002]
ele_VV_ID=[1.019,1.000,1.019,1.019,1.019,1.000,1.019]
ele_ST_ID=[1.304,1.000,1.000,1.304,1.000,1.000,1.000]

ele_ZA_reco=[1.007,1.009,1.008,1.004,1.006,1.006,1.004]
ele_ZA-EWK_reco=[1.006,1.007,1.007,1.005,1.006,1.007,1.006]
ele_TTA_reco=[1.004,1.004,1.004,1.000,1.004,1.004,1.004]
ele_VV_reco=[1.005,1.000,1.005,1.005,1.005,1.000,1.005]
ele_ST_reco=[1.006,1.000,1.000,1.006,1.000,1.000,1.000]

muon_ZA_all=[1.006,1.005,1.006,1.006,1.006,1.007,1.007]
muon_ZA-EWK_all=[1.006,1.006,1.006,1.006,1.006,1.006,1.006]
muon_TTA_all=[1.006,1.006,1.006,1.006,1.006,1.006,1.006]
muon_VV_all=[1.009,1.009,1.000,1.009,1.000,1.000,1.009]
muon_ST_all=[1.004,1.000,1.000,1.000,1.000,1.000,1.000]

muon_ZA_trigger=[1.006,1.008,1.006,1.007,1.006,1.007,1.008]
muon_ZA-EWK_trigger=[1.007,1.006,1.006,1.007,1.007,1.006,1.007]
muon_TTA_trigger=[1.006,1.006,1.006,1.006,1.006,1.006,1.006]
muon_VV_trigger=[1.004,1.004,1.000,1.004,1.000,1.000,1.004]
muon_ST_trigger=[1.008,1.000,1.000,1.000,1.000,1.000,1.000]

photon_ZA_ID=[1.028,1.031,1.037,1.028,1.029,1.031,1.029]
photon_ZA-EWK_ID=[1.027,1.028,1.030,1.028,1.027,1.028,1.027]
photon_TTA_ID=[1.031,1.031,1.031,1.031,1.031,1.031,1.031]
photon_VV_ID=[1.026,1.026,1.026,1.026,1.026,1.000,1.026]
photon_ST_ID=[1.031,1.000,1.000,1.031,1.000,1.000,1.000]

pu_ZA=[1.067,1.078,1.130,1.112,1.105,1.090,1.136]
pu_ewk=[1.071,1.077,1.066,1.060,1.076,1.072,1.071]
pu_TTA=[1.146,1.202,1.037,1.183,1.038,1.140,1.136]
pu_VV=[1.080,1.080,1.080,1.080,1.080,1.000,1.080]
pu_ST=[1.046,1.000,1.000,1.046,1.000,1.000,1.000]

ZA_eff=[1.006,1.004,1.000,1.012,1.015,1.001,1.014]
ZA-EWK_eff=[1.001,1.000,1.000,1.020,1.007,1.002,1.011]
ZA-EWKout_eff=[1.005,1.007,1.000,1.015,1.014,1.019,1.026]
TTA_eff=[1.028,1.028,1.028,1.028,1.028,1.028,1.028]
VV_eff=[1.024,1.024,1.024,1.024,1.024,1.024,1.024]
ST_eff=[1.000,1.000,1.000,1.000,1.000,1.000,1.000]

ZA_mis=[1.005,1.000,1.000,1.116,1.045,1.005,1.117]
ZA-EWK_mis=[1.000,1.000,1.000,1.009,1.002,1.000,1.003]
ZA-EWKout_mis=[1.003,1.000,1.000,1.030,1.016,1.000,1.017]
TTA_mis=[1.000,1.000,1.000,1.000,1.000,1.000,1.000]
VV_mis=[1.000,1.000,1.000,1.000,1.000,1.000,1.000]
ST_mis=[1.000,1.000,1.000,1.000,1.000,1.000,1.000]

