fake17=[1.174,1.166,1.172,1.162,1.177,1.198,1.172]

interf17=[1.043,1.041,1.055,1.021,1.001,1.013,1.016]

QCD_pdf=[1.012,1.017,1.016,1.012,1.011,1.024,1.012]

SigOut_pdf=[1.001,1.004,1.002,1.002,1.001,1.002,1.011]

QCD_scale=[1.159,1.206,1.194,1.095,1.105,1.110,1.069]

scale_muR1=[1.032,1.058,1.104,1.003,1.010,1.033,1.047]
scale_muF1=[1.125,1.146,1.086,1.091,1.105,1.110,1.069]
scale_muFmuR=[1.159,1.206,1.194,1.095,1.096,1.076,1.021]

QCD_scale_up=[1.034,1.062,1.115,1.001,0.992,0.968,0.951]

QCD_scale_down=[0.971,0.947,0.906,0.996,1.012,1.035,1.046]

SigOut_scale=[1.021,1.060,1.082,1.013,1.053,1.086,1.085]

jes17_ZA=[1.23,1.12,1.28,1.45,1.37,1.37,1.59]
jes17_ZA-EWK=[1.07,1.03,1.05,1.27,1.13,1.09,1.18]
jes17_ZA-EWKout=[1.19,1.12,1.11,1.33,1.32,1.20,1.44]
jes17_TTA=[1.18,1.18,1.18,1.18,1.18,1.00,1.18]
jes17_VV=[1.46,1.46,1.46,1.46,1.46,1.46,1.46]
jes17_ST=[1.26,1.26,1.00,1.26,1.26,1.00,1.00]

jer17_ZA=[1.18,1.07,1.27,1.37,1.37,1.30,1.47]
jer17_ZA-EWK=[1.05,1.01,1.02,1.24,1.12,1.03,1.16]
jer17_ZA-EWKout=[1.12,1.07,1.07,1.26,1.25,1.16,1.33]
jer17_TTA=[1.23,1.23,1.23,1.23,1.23,1.00,1.23]
jer17_VV=[1.39,1.39,1.39,1.39,1.39,1.39,1.39]
jer17_ST=[1.02,1.02,1.00,1.02,1.02,1.00,1.00]

l1pref_ZA=[1.010,1.015,1.025,1.004,1.007,1.049,1.005]
l1pref_ewk=[1.020,1.033,1.058,1.008,1.017,1.049,1.027]
l1pref_TTA=[1.026,1.026,1.026,1.026,1.026,1.026,1.026]
l1pref_VV=[1.010,1.010,1.000,1.010,1.010,1.000,1.010]
l1pref_ST=[1.012,1.012,1.000,1.000,1.000,1.000,1.000]

Sig_scale=[1.039,1.017,1.015,1.038,1.016,1.025,1.049]

Sig_pdf=[1.001,1.001,1.001,1.001,1.001,1.001,1.003]

ele_ZA_ID=[1.099,1.098,1.424,1.106,1.051,1.011,1.090]
ele_ZA-EWK_ID=[1.076,1.096,1.085,1.087,1.095,1.085,1.087]
ele_TTA_ID=[1.037,1.000,1.000,1.037,1.037,1.037,1.037]
ele_VV_ID=[1.042,1.000,1.042,1.042,1.042,1.000,1.042]
ele_ST_ID=[1.033,1.000,1.000,1.000,1.000,1.000,1.000]

ele_ZA_reco=[1.011,1.010,1.024,1.010,1.011,1.008,1.010]
ele_ZA-EWK_reco=[1.010,1.010,1.010,1.010,1.010,1.010,1.010]
ele_TTA_reco=[1.011,1.000,1.000,1.011,1.011,1.011,1.011]
ele_VV_reco=[1.009,1.000,1.009,1.009,1.009,1.000,1.009]
ele_ST_reco=[1.011,1.000,1.000,1.000,1.000,1.000,1.000]

muon_ZA_all=[1.013,1.011,1.014,1.012,1.012,1.010,1.015]
muon_ZA-EWK_all=[1.013,1.013,1.015,1.013,1.014,1.015,1.014]
muon_TTA_all=[1.012,1.012,1.012,1.012,1.012,1.000,1.012]
muon_VV_all=[1.016,1.016,1.000,1.016,1.016,1.016,1.016]
muon_ST_all=[1.019,1.019,1.000,1.000,1.000,1.000,1.000]

muon_ZA_trigger=[1.006,1.007,1.008,1.007,1.008,1.007,1.008]
muon_ZA-EWK_trigger=[1.006,1.006,1.006,1.007,1.007,1.006,1.007]
muon_TTA_trigger=[1.006,1.006,1.006,1.006,1.006,1.000,1.006]
muon_VV_trigger=[1.010,1.010,1.000,1.010,1.010,1.010,1.010]
muon_ST_trigger=[1.008,1.008,1.000,1.000,1.000,1.000,1.000]

photon_ZA_ID=[1.031,1.033,1.027,1.025,1.028,1.027,1.026]
photon_ZA-EWK_ID=[1.031,1.034,1.038,1.030,1.029,1.034,1.030]
photon_TTA_ID=[1.047,1.047,1.047,1.047,1.047,1.000,1.047]
photon_VV_ID=[1.027,1.027,1.027,1.027,1.027,1.027,1.027]
photon_ST_ID=[1.020,1.020,1.000,1.000,1.000,1.000,1.000]

pu_ZA=[1.006,1.038,1.051,1.001,1.015,1.062,1.032]
pu_ewk=[1.006,1.006,1.006,1.006,1.006,1.006,1.006]
pu_TTA=[1.042,1.176,1.045,1.006,1.043,1.000,1.016]
pu_VV=[1.025,1.025,1.025,1.025,1.025,1.025,1.025]
pu_ST=[1.046,1.046,1.000,1.000,1.000,1.000,1.000]

ZA_eff=[1.007,1.002,1.000,1.012,1.016,1.004,1.013]
ZA-EWK_eff=[1.005,1.001,1.000,1.036,1.023,1.005,1.033]
ZA-EWKout_eff=[1.010,1.009,1.000,1.019,1.067,1.016,1.079]
TTA_eff=[1.003,1.003,1.003,1.003,1.003,1.003,1.003]
VV_eff=[1.026,1.026,1.026,1.026,1.026,1.026,1.026]
ST_eff=[1.000,1.000,1.000,1.000,1.000,1.000,1.000]

ZA_mis=[1.008,1.008,1.009,1.232,1.013,1.012,1.184]
ZA-EWK_mis=[1.000,1.000,1.000,1.042,1.004,1.000,1.007]
ZA-EWKout_mis=[1.000,1.003,1.000,1.132,1.012,1.000,1.038]
TTA_mis=[1.047,1.047,1.047,1.047,1.047,1.047,1.047]
VV_mis=[1.050,1.050,1.050,1.050,1.050,1.050,1.050]
ST_mis=[1.000,1.000,1.000,1.000,1.000,1.000,1.000]

