fake16=[1.390,1.372,1.227,1.414,1.404,1.462,1.414]

interf16=[1.034,1.055,1.059,1.037,1.014,1.009,1.005]

QCD_pdf=[1.014,1.028,1.018,1.012,1.010,1.032,1.012]

SigOut_pdf=[1.036,1.034,1.055,1.040,1.043,1.056,1.047]

QCD_scale=[1.147,1.189,1.205,1.109,1.113,1.151,1.088]

scale_band1=[1.035,1.056,1.074,1.005,1.007,1.048,1.000]
scale_band2=[1.111,1.132,1.129,1.103,1.105,1.100,1.087]
scale_band3=[1.147,1.189,1.205,1.109,1.113,1.151,1.088]

QCD_scale_up=[1.038,1.061,1.080,1.003,1.007,1.057,0.995]

QCD_scale_down=[0.968,0.950,0.933,0.994,0.993,0.961,0.996]

SigOut_scale=[1.016,1.058,1.089,1.017,1.045,1.100,1.094]

jes16_ZA=[1.10,1.08,1.09,1.18,1.28,1.22,1.41]
jes16_ZA-EWK=[1.02,1.01,1.04,1.13,1.03,1.03,1.01]
jes16_ZA-EWKout=[1.02,1.01,1.04,1.04,1.03,1.05,1.04]
jes16_TTA=[1.04,1.04,1.04,1.04,1.04,1.04,1.04]
jes16_VV=[1.12,1.00,1.00,1.12,1.12,1.00,1.00]
jes16_ST=[1.50,1.00,1.00,1.00,1.00,1.00,1.00]

jer16_ZA=[1.08,1.07,1.06,1.16,1.11,1.18,1.34]
jer16_ZA-EWK=[1.01,1.02,1.02,1.05,1.00,1.00,1.01]
jer16_ZA-EWKout=[1.00,1.00,1.02,1.02,1.01,1.00,1.02]
jer16_TTA=[1.04,1.04,1.04,1.04,1.04,1.04,1.04]
jer16_VV=[1.33,1.00,1.00,1.33,1.33,1.00,1.00]
jer16_ST=[1.99,1.00,1.00,1.00,1.00,1.00,1.00]

l1pref16=[1.019,1.029,1.044,1.015,1.018,1.036,1.024]

Sig_scale=[1.031,1.055,1.091,1.030,1.054,1.102,1.125]

Sig_pdf=[1.036,1.037,1.043,1.036,1.034,1.042,1.043]

ele_ID=[1.064]
ele_reco=[1.012]
muon_all=[1.023]
muon_trigger=[1.020]
photon_ID=[1.026]
