fake18=[1.280,1.241,1.278,1.275,1.288,1.270,1.287]

interf18=[1.056,1.027,1.056,1.055,1.010,1.019,1.018]

QCD_pdf=[1.014,1.021,1.019,1.012,1.010,1.035,1.012]

SigOut_pdf=[1.001,1.002,1.004,1.002,1.001,1.002,1.002]

QCD_scale=[1.145,1.194,1.250,1.094,1.146,1.111,1.083]

scale_band1=[1.026,1.053,1.083,1.010,1.039,1.001,1.018]
scale_band2=[1.117,1.139,1.164,1.094,1.105,1.111,1.083]
scale_band3=[1.145,1.194,1.250,1.085,1.146,1.110,1.066]

QCD_scale_up=[1.028,1.058,1.090,0.988,1.039,1.001,0.978]

QCD_scale_down=[0.976,0.952,0.925,1.007,0.962,1.004,1.014]

SigOut_scale=[1.028,1.059,1.092,1.019,1.053,1.089,1.088]

jes18_ZA=[1.12,1.14,1.11,1.30,1.24,1.18,1.55]
jes18_ZA-EWK=[1.04,1.03,1.06,1.10,1.02,1.05,1.03]
jes18_ZA-EWKout=[1.17,1.07,1.06,1.16,1.16,1.17,1.20]
jes18_TTA=[1.09,1.09,1.09,1.09,1.09,1.09,1.09]
jes18_VV=[1.16,1.16,1.16,1.16,1.16,1.00,1.16]
jes18_ST=[1.39,1.00,1.00,1.00,1.00,1.00,1.39]

jer18_ZA=[1.07,1.07,1.08,1.36,1.21,1.12,1.39]
jer18_ZA-EWK=[1.01,1.00,1.01,1.03,1.01,1.00,1.01]
jer18_ZA-EWKout=[1.07,1.05,1.01,1.09,1.15,1.05,1.07]
jer18_TTA=[1.08,1.08,1.08,1.08,1.08,1.08,1.08]
jer18_VV=[1.28,1.28,1.28,1.28,1.28,1.00,1.28]
jer18_ST=[1.13,1.00,1.00,1.00,1.00,1.00,1.13]

Sig_scale=[1.040,1.018,1.014,1.040,1.017,1.027,1.046]

Sig_pdf=[1.001,1.001,1.000,1.001,1.001,1.001,1.002]

ele_ID=[1.074]
ele_reco=[1.007]
muon_all=[1.003]
muon_trigger=[1.006]
photon_ID=[1.028]
