fake16=[1.227,1.220,1.236,1.179,1.251,1.145,1.207]

interf16=[1.027,1.060,1.063,1.039,1.010,1.010,1.003]

QCD_pdf=[1.014,1.028,1.018,1.012,1.010,1.032,1.012]

SigOut_pdf=[1.036,1.034,1.055,1.040,1.043,1.056,1.047]

QCD_scale=[1.147,1.189,1.205,1.109,1.113,1.151,1.088]

scale_band1=[1.035,1.056,1.074,1.005,1.007,1.048,1.000]
scale_band2=[1.111,1.132,1.129,1.103,1.105,1.100,1.087]
scale_band3=[1.147,1.189,1.205,1.109,1.113,1.151,1.088]

QCD_scale_up=[1.038,1.061,1.080,1.003,1.007,1.057,0.995]

QCD_scale_down=[0.968,0.950,0.933,0.994,0.993,0.961,0.996]

SigOut_scale=[1.019,1.062,1.080,1.021,1.050,1.092,1.088]

jes16_ZA=[1.11,1.09,1.09,1.18,1.31,1.22,1.39]
jes16_ZA-EWK=[1.01,1.01,1.05,1.09,1.02,1.03,1.01]
jes16_ZA-EWKout=[1.03,1.01,1.05,1.05,1.05,1.05,1.05]
jes16_TTA=[1.03,1.03,1.03,1.03,1.03,1.03,1.03]
jes16_VV=[1.11,1.00,1.00,1.11,1.11,1.00,1.00]
jes16_ST=[1.52,1.00,1.00,1.00,1.00,1.00,1.00]

jer16_ZA=[1.08,1.06,1.07,1.17,1.15,1.11,1.32]
jer16_ZA-EWK=[1.01,1.02,1.02,1.04,1.01,1.01,1.01]
jer16_ZA-EWKout=[1.01,1.01,1.02,1.03,1.01,1.01,1.01]
jer16_TTA=[1.05,1.05,1.05,1.05,1.05,1.05,1.05]
jer16_VV=[1.24,1.00,1.00,1.24,1.24,1.00,1.00]
jer16_ST=[1.00,1.00,1.00,1.00,1.00,1.00,1.00]

l1pref16=[1.017,1.025,1.042,1.011,1.016,1.034,1.021]

Sig_scale=[1.043,1.021,1.015,1.045,1.022,1.026,1.047]

Sig_pdf=[1.010,1.006,1.010,1.011,1.009,1.007,1.012]

ele_ID=[1.063]
ele_reco=[1.012]
muon_all=[1.024]
muon_trigger=[1.006]
photon_ID=[1.026]
