pt: 20 ~ 25
*	3	4	5	6	7	8
8	0.22
9	0.22	0.23
10	0.26	0.28	0.35
11	0.26	0.27	0.33	0.31
12	0.26	0.27	0.32	0.31	0.32
13	0.271	0.284	0.338	0.322	0.346	0.374
############################################################
pt: 25 ~ 30
*	3	4	5	6	7	8
8	0.32
9	0.30	0.34
10	0.29	0.32	0.37
11	0.27	0.29	0.33	0.27
12	0.27	0.30	0.33	0.29	0.24
13	0.308	0.333	0.371	0.340	0.306	0.343
############################################################
pt: 30 ~ 50
*	3	4	5	6	7	8
8	0.30
9	0.30	0.32
10	0.31	0.33	0.34
11	0.32	0.34	0.36	0.37
12	0.31	0.33	0.34	0.36	0.32
13	0.292	0.308	0.311	0.319	0.274	0.286
############################################################
pt: 50 ~ 400
*	3	4	5	6	7	8
8	0.21
9	0.20	0.18
10	0.22	0.21	0.14
11	0.26	0.23	0.18	0.21
12	0.22	0.19	0.15	0.16	0.16
13	0.222	0.217	0.184	0.189	0.212	0.289
############################################################
