pt range	chiso range	DataNumber	FakeNumber	TrueNumber	fitFake_number	fitTrue_number	closureFake_test	closureTrue_test
#######################################################################################
20 <pt<25 	3<chiso range<8 	524.9	117.513	189.447	138.003	153.445	2.12567	1.82314
20 <pt<25 	3<chiso range<9 	524.9	117.513	189.447	133.575	157.783	1.72198	1.61678
20 <pt<25 	3<chiso range<10 	524.9	117.513	189.447	134.224	157.222	1.78338	1.6444
20 <pt<25 	3<chiso range<11 	524.9	117.513	189.447	129.419	162.147	1.31678	1.40392
20 <pt<25 	3<chiso range<12 	524.9	117.513	189.447	129.544	162.03	1.32895	1.40909
20 <pt<25 	3<chiso range<13 	524.9	117.513	189.447	128.776	162.805	1.2514	1.371
20 <pt<25 	4<chiso range<9 	524.9	117.513	189.447	135.122	156.18	1.86814	1.69627
20 <pt<25 	4<chiso range<10 	524.9	117.513	189.447	135.627	155.875	1.91541	1.71196
20 <pt<25 	4<chiso range<11 	524.9	117.513	189.447	129.903	161.71	1.36645	1.42715
20 <pt<25 	4<chiso range<12 	524.9	117.513	189.447	130.025	161.566	1.37798	1.43325
20 <pt<25 	4<chiso range<13 	524.9	117.513	189.447	129.122	162.487	1.28719	1.38782
20 <pt<25 	5<chiso range<10 	524.9	117.513	189.447	139.847	151.995	2.29175	1.89794
20 <pt<25 	5<chiso range<11 	524.9	117.513	189.447	132.474	159.426	1.61814	1.53862
20 <pt<25 	5<chiso range<12 	524.9	117.513	189.447	132.393	159.424	1.6093	1.53726
20 <pt<25 	5<chiso range<13 	524.9	117.513	189.447	131.204	160.736	1.49307	1.47202
20 <pt<25 	6<chiso range<11 	524.9	117.513	189.447	128.553	163.414	1.2295	1.34228
20 <pt<25 	6<chiso range<12 	524.9	117.513	189.447	128.888	162.972	1.26271	1.36276
20 <pt<25 	6<chiso range<13 	524.9	117.513	189.447	127.865	164.14	1.15746	1.30391
20 <pt<25 	7<chiso range<12 	524.9	117.513	189.447	124.382	167.05	0.790761	1.16245
20 <pt<25 	7<chiso range<13 	524.9	117.513	189.447	123.789	167.866	0.725241	1.12014
20 <pt<25 	8<chiso range<13 	524.9	117.513	189.447	116.348	175.65	0.143054	0.724419
#######################################################################################
25 <pt<30 	3<chiso range<8 	279.475	51.312	110.462	56.1382	98.3739	0.705994	0.84327
25 <pt<30 	3<chiso range<9 	279.475	51.312	110.462	56.8893	97.6385	0.804947	0.891505
25 <pt<30 	3<chiso range<10 	279.475	51.312	110.462	58.653	95.857	1.02796	1.00786
25 <pt<30 	3<chiso range<11 	279.475	51.312	110.462	57.4197	97.1668	0.872672	0.921563
25 <pt<30 	3<chiso range<12 	279.475	51.312	110.462	56.423	98.1844	0.742924	0.85454
25 <pt<30 	3<chiso range<13 	279.475	51.312	110.462	55.482	99.1728	0.615875	0.788368
25 <pt<30 	4<chiso range<9 	279.475	51.312	110.462	52.9201	101.577	0.249605	0.628599
25 <pt<30 	4<chiso range<10 	279.475	51.312	110.462	55.4611	99.0024	0.614658	0.802066
25 <pt<30 	4<chiso range<11 	279.475	51.312	110.462	54.4504	100.122	0.472973	0.72621
25 <pt<30 	4<chiso range<12 	279.475	51.312	110.462	53.6087	100.975	0.35139	0.66839
25 <pt<30 	4<chiso range<13 	279.475	51.312	110.462	52.829	101.829	0.235349	0.609942
25 <pt<30 	5<chiso range<10 	279.475	51.312	110.462	54.6355	99.7704	0.500123	0.751358
25 <pt<30 	5<chiso range<11 	279.475	51.312	110.462	53.5614	100.973	0.344714	0.669073
25 <pt<30 	5<chiso range<12 	279.475	51.312	110.462	52.6632	101.894	0.210483	0.606133
25 <pt<30 	5<chiso range<13 	279.475	51.312	110.462	51.8476	102.855	0.0846796	0.539584
25 <pt<30 	6<chiso range<11 	279.475	51.312	110.462	55.8433	98.8738	0.665	0.808329
25 <pt<30 	6<chiso range<12 	279.475	51.312	110.462	54.446	100.259	0.471455	0.715513
25 <pt<30 	6<chiso range<13 	279.475	51.312	110.462	53.2407	101.563	0.296466	0.626999
25 <pt<30 	7<chiso range<12 	279.475	51.312	110.462	57.3148	97.421	0.857826	0.903254
25 <pt<30 	7<chiso range<13 	279.475	51.312	110.462	55.3648	99.4324	0.598661	0.769434
25 <pt<30 	8<chiso range<13 	279.475	51.312	110.462	54.5884	100.279	0.490353	0.712178
#######################################################################################
30 <pt<40 	3<chiso range<8 	272.351	41.3449	122.979	38.2094	119.799	0.565189	0.229593
30 <pt<40 	3<chiso range<9 	272.351	41.3449	122.979	39.606	118.405	0.302126	0.328052
30 <pt<40 	3<chiso range<10 	272.351	41.3449	122.979	41.0106	117.033	0.0560807	0.423556
30 <pt<40 	3<chiso range<11 	272.351	41.3449	122.979	40.7461	117.226	0.101232	0.410641
30 <pt<40 	3<chiso range<12 	272.351	41.3449	122.979	41.7578	116.327	0.0680094	0.471987
30 <pt<40 	3<chiso range<13 	272.351	41.3449	122.979	40.3486	117.67	0.169927	0.379445
30 <pt<40 	4<chiso range<9 	272.351	41.3449	122.979	39.2932	118.839	0.358834	0.297038
30 <pt<40 	4<chiso range<10 	272.351	41.3449	122.979	41.0444	117.061	0.050319	0.421255
30 <pt<40 	4<chiso range<11 	272.351	41.3449	122.979	40.7313	117.282	0.103711	0.406548
30 <pt<40 	4<chiso range<12 	272.351	41.3449	122.979	41.907	116.222	0.0921781	0.478846
30 <pt<40 	4<chiso range<13 	272.351	41.3449	122.979	40.285	117.771	0.180941	0.372197
30 <pt<40 	5<chiso range<10 	272.351	41.3449	122.979	41.0836	117.045	0.0437326	0.422523
30 <pt<40 	5<chiso range<11 	272.351	41.3449	122.979	40.7089	117.307	0.107626	0.405039
30 <pt<40 	5<chiso range<12 	272.351	41.3449	122.979	42.0875	116.046	0.121289	0.49102
30 <pt<40 	5<chiso range<13 	272.351	41.3449	122.979	40.2117	117.845	0.193869	0.367139
30 <pt<40 	6<chiso range<11 	272.351	41.3449	122.979	41.0349	116.945	0.0520352	0.430085
30 <pt<40 	6<chiso range<12 	272.351	41.3449	122.979	42.6443	115.493	0.209399	0.528635
30 <pt<40 	6<chiso range<13 	272.351	41.3449	122.979	40.3609	117.689	0.167684	0.377938
30 <pt<40 	7<chiso range<12 	272.351	41.3449	122.979	42.4765	115.623	0.183183	0.520046
30 <pt<40 	7<chiso range<13 	272.351	41.3449	122.979	39.7027	118.302	0.28467	0.335314
30 <pt<40 	8<chiso range<13 	272.351	41.3449	122.979	43.2674	114.888	0.305257	0.56952
#######################################################################################
40 <pt<50 	3<chiso range<8 	128.431	16.6118	65.5486	14.3418	65.8191	0.65166	0.0282377
40 <pt<50 	3<chiso range<9 	128.431	16.6118	65.5486	15.0343	65.2002	0.432557	0.036167
40 <pt<50 	3<chiso range<10 	128.431	16.6118	65.5486	14.5593	65.7437	0.580087	0.0203435
40 <pt<50 	3<chiso range<11 	128.431	16.6118	65.5486	14.203	66.0805	0.699277	0.0557276
40 <pt<50 	3<chiso range<12 	128.431	16.6118	65.5486	13.7588	66.4743	0.855906	0.0974422
40 <pt<50 	3<chiso range<13 	128.431	16.6118	65.5486	13.7553	66.426	0.859421	0.0924642
40 <pt<50 	4<chiso range<9 	128.431	16.6118	65.5486	14.0582	66.1575	0.748183	0.0638031
40 <pt<50 	4<chiso range<10 	128.431	16.6118	65.5486	13.6553	66.6413	0.889896	0.114912
40 <pt<50 	4<chiso range<11 	128.431	16.6118	65.5486	13.3112	66.9595	1.02167	0.149081
40 <pt<50 	4<chiso range<12 	128.431	16.6118	65.5486	12.9318	67.2799	1.17412	0.183673
40 <pt<50 	4<chiso range<13 	128.431	16.6118	65.5486	12.9792	67.1755	1.15822	0.172731
40 <pt<50 	5<chiso range<10 	128.431	16.6118	65.5486	14.7219	65.641	0.529467	0.00963915
40 <pt<50 	5<chiso range<11 	128.431	16.6118	65.5486	14.3147	65.9848	0.662867	0.04571
40 <pt<50 	5<chiso range<12 	128.431	16.6118	65.5486	13.7134	66.5174	0.873949	0.102137
40 <pt<50 	5<chiso range<13 	128.431	16.6118	65.5486	13.7097	66.4575	0.878027	0.0959496
40 <pt<50 	6<chiso range<11 	128.431	16.6118	65.5486	15.3325	65.0357	0.344833	0.0532412
40 <pt<50 	6<chiso range<12 	128.431	16.6118	65.5486	14.3629	65.9058	0.647866	0.0374414
40 <pt<50 	6<chiso range<13 	128.431	16.6118	65.5486	14.3007	65.8862	0.671203	0.035465
40 <pt<50 	7<chiso range<12 	128.431	16.6118	65.5486	14.496	65.794	0.603609	0.0256846
40 <pt<50 	7<chiso range<13 	128.431	16.6118	65.5486	14.405	65.781	0.636558	0.0243947
40 <pt<50 	8<chiso range<13 	128.431	16.6118	65.5486	13.2905	66.812	1.03814	0.13397
#######################################################################################
50 <pt<70 	3<chiso range<8 	108.04	10.7054	64.9278	8.75102	64.9506	0.853568	0.00257484
50 <pt<70 	3<chiso range<9 	108.04	10.7054	64.9278	9.3178	64.4172	0.567967	0.0573345
50 <pt<70 	3<chiso range<10 	108.04	10.7054	64.9278	9.4945	64.2231	0.486591	0.0790194
50 <pt<70 	3<chiso range<11 	108.04	10.7054	64.9278	9.31371	64.3448	0.571142	0.0655071
50 <pt<70 	3<chiso range<12 	108.04	10.7054	64.9278	9.59759	64.0511	0.44204	0.0983292
50 <pt<70 	3<chiso range<13 	108.04	10.7054	64.9278	9.85	63.7655	0.33312	0.130132
50 <pt<70 	4<chiso range<9 	108.04	10.7054	64.9278	9.30548	64.5057	0.57066	0.0473043
50 <pt<70 	4<chiso range<10 	108.04	10.7054	64.9278	9.51702	64.2678	0.474223	0.0738525
50 <pt<70 	4<chiso range<11 	108.04	10.7054	64.9278	9.30266	64.4075	0.574439	0.0583846
50 <pt<70 	4<chiso range<12 	108.04	10.7054	64.9278	9.63856	64.0436	0.422737	0.0990244
50 <pt<70 	4<chiso range<13 	108.04	10.7054	64.9278	9.92742	63.713	0.299965	0.13579
50 <pt<70 	5<chiso range<10 	108.04	10.7054	64.9278	10.0088	63.7117	0.264972	0.135546
50 <pt<70 	5<chiso range<11 	108.04	10.7054	64.9278	9.65888	63.9981	0.413924	0.104091
50 <pt<70 	5<chiso range<12 	108.04	10.7054	64.9278	10.0521	63.5669	0.248888	0.151951
50 <pt<70 	5<chiso range<13 	108.04	10.7054	64.9278	10.3664	63.2136	0.125514	0.190988
50 <pt<70 	6<chiso range<11 	108.04	10.7054	64.9278	9.70971	63.9458	0.39325	0.110112
50 <pt<70 	6<chiso range<12 	108.04	10.7054	64.9278	10.1862	63.3946	0.195724	0.171159
50 <pt<70 	6<chiso range<13 	108.04	10.7054	64.9278	10.5339	63.0117	0.0626532	0.213377
50 <pt<70 	7<chiso range<12 	108.04	10.7054	64.9278	9.8474	63.7216	0.334735	0.135101
50 <pt<70 	7<chiso range<13 	108.04	10.7054	64.9278	10.3305	63.1959	0.139793	0.193307
50 <pt<70 	8<chiso range<13 	108.04	10.7054	64.9278	11.8888	61.532	0.384036	0.373946
#######################################################################################
70 <pt<400 	3<chiso range<8 	91.2492	6.02947	66.6683	4.6145	67.3705	1.1316	0.0822095
70 <pt<400 	3<chiso range<9 	91.2492	6.02947	66.6683	4.59373	67.3056	1.15767	0.0747355
70 <pt<400 	3<chiso range<10 	91.2492	6.02947	66.6683	4.59882	67.3001	1.15251	0.0740855
70 <pt<400 	3<chiso range<11 	91.2492	6.02947	66.6683	4.91937	66.8715	0.838957	0.0238297
70 <pt<400 	3<chiso range<12 	91.2492	6.02947	66.6683	4.85948	66.9506	0.894761	0.0331164
70 <pt<400 	3<chiso range<13 	91.2492	6.02947	66.6683	5.06758	66.7235	0.706	0.00646876
70 <pt<400 	4<chiso range<9 	91.2492	6.02947	66.6683	4.12219	67.7484	1.71816	0.127068
70 <pt<400 	4<chiso range<10 	91.2492	6.02947	66.6683	4.1903	67.68	1.62981	0.118981
70 <pt<400 	4<chiso range<11 	91.2492	6.02947	66.6683	4.54871	67.3017	1.21343	0.0743448
70 <pt<400 	4<chiso range<12 	91.2492	6.02947	66.6683	4.53351	67.3233	1.22858	0.0768592
70 <pt<400 	4<chiso range<13 	91.2492	6.02947	66.6683	4.77879	66.9984	0.974801	0.0387469
70 <pt<400 	5<chiso range<10 	91.2492	6.02947	66.6683	3.54024	68.3478	2.61228	0.198047
70 <pt<400 	5<chiso range<11 	91.2492	6.02947	66.6683	4.09453	67.6853	1.76401	0.119807
70 <pt<400 	5<chiso range<12 	91.2492	6.02947	66.6683	4.13669	67.6623	1.70619	0.117045
70 <pt<400 	5<chiso range<13 	91.2492	6.02947	66.6683	4.44432	67.3858	1.33025	0.0842746
70 <pt<400 	6<chiso range<11 	91.2492	6.02947	66.6683	4.9683	66.8145	0.794521	0.0171435
70 <pt<400 	6<chiso range<12 	91.2492	6.02947	66.6683	4.876	66.9274	0.879129	0.0303904
70 <pt<400 	6<chiso range<13 	91.2492	6.02947	66.6683	5.17161	66.6962	0.61725	0.00326121
70 <pt<400 	7<chiso range<12 	91.2492	6.02947	66.6683	4.77335	67.1328	0.977077	0.0543928
70 <pt<400 	7<chiso range<13 	91.2492	6.02947	66.6683	5.12857	66.7393	0.653148	0.00830166
70 <pt<400 	8<chiso range<13 	91.2492	6.02947	66.6683	5.60419	66.1581	0.284653	0.059633
#######################################################################################
