pt: 20 ~ 25
*	3	4	5	6	7	8
8	0.00
9	0.00	0.00
10	0.00	0.00	0.00
11	0.00	0.00	0.00	0.00
12	0.00	0.00	0.00	0.00	0.00
13	0.000	0.000	0.000	0.000	0.000	0.000
############################################################
pt: 25 ~ 30
*	3	4	5	6	7	8
8	0.00
9	-nan	0.00
10	0.00	0.00	0.00
11	0.00	0.00	0.00	0.00
12	0.00	0.00	0.00	0.00	0.00
13	0.000	0.000	0.000	0.000	0.000	0.000
############################################################
pt: 30 ~ 40
*	3	4	5	6	7	8
8	0.00
9	0.00	0.00
10	0.00	0.00	0.00
11	0.00	0.00	0.00	0.00
12	0.00	0.00	0.00	0.00	0.00
13	0.000	0.000	0.000	-nan	0.000	0.000
############################################################
pt: 40 ~ 50
*	3	4	5	6	7	8
8	0.00
9	0.00	0.00
10	0.00	0.00	0.00
11	0.00	0.00	0.00	0.00
12	0.00	0.00	0.00	0.00	0.00
13	0.000	0.000	-nan	0.000	0.000	0.000
############################################################
pt: 50 ~ 70
*	3	4	5	6	7	8
8	0.00
9	0.00	0.00
10	0.00	0.00	0.00
11	0.00	0.00	0.00	0.00
12	0.00	0.00	0.00	0.00	0.00
13	0.000	0.000	0.000	0.000	0.000	0.000
############################################################
pt: 70 ~ 100
*	3	4	5	6	7	8
8	0.00
9	-nan	0.00
10	0.00	0.00	0.00
11	0.00	0.00	0.00	0.00
12	-nan	0.00	0.00	0.00	0.00
13	0.000	0.000	0.000	0.000	0.000	0.000
############################################################
pt: 100 ~ 120
*	3	4	5	6	7	8
8	0.00
9	0.00	0.00
10	0.00	0.00	0.00
11	0.00	0.00	0.00	0.00
12	0.00	0.00	0.00	0.00	0.00
13	0.000	0.000	0.000	-nan	0.000	0.000
############################################################
