fake17=[1.213,1.213,1.205]

interf17=[1.165,1.184,1.169]

QCD_pdf=[1.012,1.011,1.010]

SigOut_pdf=[1.002,1.001,1.002]

QCD_scale=[1.147,1.153,1.154]

scale_band1=[1.145,1.139,1.136]
scale_band2=[1.061,1.059,1.059]
scale_band3=[1.086,1.086,1.086]

QCD_scale_up=[0.999,1.013,1.016]

QCD_scale_down=[0.997,0.987,0.983]

SigOut_scale=[1.011,1.001,1.011]

jes17_ZA=[1.15,1.19,1.25]
jes17_ZA-EWK=[1.05,1.03,1.03]
jes17_ZA-EWKout=[1.02,1.04,1.06]
jes17_TTA=[1.05,1.05,1.05]
jes17_VV=[1.17,1.17,1.17]
jes17_ST=[1.06,1.06,1.06]

jer17_ZA=[1.10,1.14,1.14]
jer17_ZA-EWK=[1.05,1.04,1.02]
jer17_ZA-EWKout=[1.01,1.04,1.03]
jer17_TTA=[1.01,1.01,1.01]
jer17_VV=[1.17,1.17,1.17]
jer17_ST=[1.02,1.02,1.02]

l1pref17=[1.023,1.025,1.030]

Sig_scale=[1.008,1.002,1.010]

Sig_pdf=[1.000,1.001,1.000]

ele_ID=[1.091]
ele_reco=[1.010]
muon_all=[1.012]
muon_trigger=[1.020]
photon_ID=[1.030]
