fake18=[1.102,1.106,1.103]

interf18=[1.191,1.164,1.151]

QCD_pdf=[1.012,1.011,1.010]

SigOut_pdf=[1.001,1.002,1.001]

QCD_scale=[1.133,1.134,1.130]

scale_band1=[1.131,1.124,1.115]
scale_band2=[1.056,1.054,1.050]
scale_band3=[1.075,1.075,1.072]

QCD_scale_up=[0.997,1.009,1.014]

QCD_scale_down=[0.999,0.991,0.986]

SigOut_scale=[1.010,1.019,1.030]

jes18_ZA=[1.10,1.12,1.18]
jes18_ZA-EWK=[1.03,1.03,1.03]
jes18_ZA-EWKout=[1.08,1.13,1.15]
jes18_TTA=[1.04,1.04,1.04]
jes18_VV=[1.06,1.06,1.06]
jes18_ST=[1.06,1.06,1.06]

jer18_ZA=[1.07,1.09,1.14]
jer18_ZA-EWK=[1.01,1.01,1.02]
jer18_ZA-EWKout=[1.08,1.08,1.05]
jer18_TTA=[1.02,1.02,1.02]
jer18_VV=[1.05,1.05,1.05]
jer18_ST=[1.08,1.08,1.08]

Sig_scale=[1.008,1.002,1.011]

Sig_pdf=[1.001,1.000,1.001]

ele_ID=[1.070]
ele_reco=[1.006]
muon_all=[1.003]
muon_trigger=[1.006]
photon_ID=[1.028]
