fake16=[1.372,1.390,1.383]

interf16=[1.309,1.251,1.223]

QCD_pdf=[1.012,1.011,1.010]

SigOut_pdf=[1.039,1.037,1.040]

QCD_scale=[1.128,1.130,1.130]

scale_band1=[1.124,1.121,1.121]
scale_band2=[1.054,1.053,1.053]
scale_band3=[1.069,1.072,1.072]

QCD_scale_up=[0.993,1.007,1.009]

QCD_scale_down=[1.002,0.991,0.992]

SigOut_scale=[1.006,1.007,1.009]

jes16_ZA=[1.07,1.07,1.12]
jes16_ZA-EWK=[1.06,1.02,1.03]
jes16_ZA-EWKout=[1.01,1.03,1.02]
jes16_TTA=[1.02,1.02,1.02]
jes16_VV=[1.04,1.04,1.04]
jes16_ST=[1.00,1.00,1.00]

jer16_ZA=[1.03,1.06,1.08]
jer16_ZA-EWK=[1.01,1.02,1.01]
jer16_ZA-EWKout=[1.01,1.02,1.00]
jer16_TTA=[1.02,1.02,1.02]
jer16_VV=[1.08,1.08,1.08]
jer16_ST=[1.12,1.12,1.12]

l1pref16=[1.017,1.020,1.014]

Sig_scale=[1.010,1.001,1.009]

Sig_pdf=[1.003,1.002,1.003]

ele_ID=[1.069]
ele_reco=[1.012]
muon_all=[1.022]
muon_trigger=[1.020]
photon_ID=[1.024]
