fake18=[1.276,1.282,1.274]

interf18=[1.197,1.211,1.156]

QCD_pdf=[1.012,1.011,1.010]

SigOut_pdf=[1.001,1.002,1.001]

QCD_scale=[1.135,1.131,1.133]

scale_band1=[1.132,1.124,1.115]
scale_band2=[1.057,1.054,1.050]
scale_band3=[1.075,1.074,1.072]

QCD_scale_up=[0.996,1.005,1.017]

QCD_scale_down=[1.000,0.993,0.984]

SigOut_scale=[1.011,1.015,1.029]

jes18_ZA=[1.09,1.14,1.14]
jes18_ZA-EWK=[1.05,1.01,1.03]
jes18_ZA-EWKout=[1.08,1.10,1.13]
jes18_TTA=[1.04,1.04,1.04]
jes18_VV=[1.06,1.06,1.06]
jes18_ST=[1.06,1.06,1.06]

jer18_ZA=[1.07,1.09,1.14]
jer18_ZA-EWK=[1.02,1.01,1.03]
jer18_ZA-EWKout=[1.07,1.07,1.07]
jer18_TTA=[1.02,1.02,1.02]
jer18_VV=[1.05,1.05,1.05]
jer18_ST=[1.08,1.08,1.08]

Sig_scale=[1.010,1.000,1.010]

Sig_pdf=[1.001,1.001,1.001]

ele_ID=[1.061]
ele_reco=[1.005]
muon_all=[1.003]
muon_trigger=[1.007]
photon_ID=[1.028]
