fake17=[1.190,1.182,1.185]

interf17=[1.254,1.142,1.168]

QCD_pdf=[1.012,1.011,1.010]

SigOut_pdf=[1.001,1.001,1.002]

QCD_scale=[1.146,1.149,1.153]

scale_band1=[1.143,1.136,1.135]
scale_band2=[1.061,1.058,1.058]
scale_band3=[1.084,1.084,1.086]

QCD_scale_up=[0.998,1.011,1.016]

QCD_scale_down=[0.998,0.989,0.983]

SigOut_scale=[1.016,1.020,1.027]

jes17_ZA=[1.16,1.16,1.15]
jes17_ZA-EWK=[1.16,1.11,1.10]
jes17_ZA-EWKout=[1.08,1.17,1.25]
jes17_TTA=[1.52,1.52,1.52]
jes17_VV=[1.91,1.91,1.91]
jes17_ST=[1.04,1.04,1.04]

jer17_ZA=[1.13,1.14,1.09]
jer17_ZA-EWK=[1.15,1.11,1.10]
jer17_ZA-EWKout=[1.13,1.22,1.24]
jer17_TTA=[1.71,1.71,1.71]
jer17_VV=[1.65,1.65,1.65]
jer17_ST=[1.05,1.05,1.05]

l1pref17=[1.012,1.012,1.015]

Sig_scale=[1.010,1.000,1.010]

Sig_pdf=[1.000,1.000,1.000]

ele_ID=[1.084]
ele_reco=[1.010]
muon_all=[1.013]
muon_trigger=[1.007]
photon_ID=[1.028]
ZA_eff=[1.008,1.009,1.002]
ZA-EWK_eff=[1.020,1.011,1.007]
ZA-EWKout_eff=[1.031,1.034,1.016]
TTA_eff=[1.001,1.001,1.001]
VV_eff=[1.001,1.001,1.001]
ST_eff=[1.015,1.015,1.015]

ZA_mis=[1.004,1.002,1.000]
ZA-EWK_mis=[1.003,1.001,1.000]
ZA-EWKout_mis=[1.010,1.019,1.004]
TTA_mis=[1.000,1.000,1.000]
VV_mis=[1.000,1.000,1.000]
ST_mis=[1.000,1.000,1.000]

