fake16=[1.189,1.195,1.200]

interf16=[1.241,1.262,1.111]

QCD_pdf=[1.012,1.011,1.010]

SigOut_pdf=[1.042,1.040,1.038]

QCD_scale=[1.127,1.130,1.131]

scale_band1=[1.123,1.121,1.120]
scale_band2=[1.054,1.053,1.053]
scale_band3=[1.069,1.072,1.072]

QCD_scale_up=[0.993,1.007,1.010]

QCD_scale_down=[1.002,0.991,0.991]

SigOut_scale=[1.008,1.010,1.022]

jes16_ZA=[1.07,1.07,1.10]
jes16_ZA-EWK=[1.03,1.02,1.02]
jes16_ZA-EWKout=[1.09,1.05,1.10]
jes16_TTA=[1.02,1.02,1.02]
jes16_VV=[1.02,1.02,1.02]
jes16_ST=[1.05,1.05,1.05]

jer16_ZA=[1.03,1.05,1.06]
jer16_ZA-EWK=[1.02,1.01,1.02]
jer16_ZA-EWKout=[1.08,1.05,1.06]
jer16_TTA=[1.02,1.02,1.02]
jer16_VV=[1.07,1.07,1.07]
jer16_ST=[1.04,1.04,1.04]

l1pref16=[1.006,1.007,1.008]

Sig_scale=[1.010,1.001,1.010]

Sig_pdf=[1.002,1.001,1.002]

ele_ID=[1.070]
ele_reco=[1.012]
muon_all=[1.022]
muon_trigger=[1.011]
photon_ID=[1.022]
