fake17=[1.170,1.173,1.171]

interf17=[1.253,1.144,1.157]

QCD_pdf=[1.012,1.011,1.010]

SigOut_pdf=[1.001,1.001,1.002]

QCD_scale=[1.148,1.156,1.148]

scale_muR1=[1.000,1.018,1.011]
scale_muF1=[1.146,1.136,1.137]
scale_muFmuR=[1.147,1.156,1.148]

QCD_scale_up=[0.998,1.018,1.010]

QCD_scale_down=[0.998,0.982,0.989]

SigOut_scale=[1.013,1.016,1.025]

jes17_ZA=[1.23,1.29,1.26]
jes17_ZA-EWK=[1.15,1.09,1.11]
jes17_ZA-EWKout=[1.12,1.16,1.26]
jes17_TTA=[1.52,1.52,1.52]
jes17_VV=[1.81,1.81,1.81]
jes17_ST=[1.02,1.02,1.02]

jer17_ZA=[1.13,1.15,1.08]
jer17_ZA-EWK=[1.15,1.09,1.10]
jer17_ZA-EWKout=[1.14,1.20,1.25]
jer17_TTA=[1.71,1.71,1.71]
jer17_VV=[1.65,1.65,1.65]
jer17_ST=[1.05,1.05,1.05]

l1pref_ZA=[1.005,1.005,1.008]
l1pref_ewk=[1.008,1.010,1.011]
l1pref_TTA=[1.003,1.012,1.009]
l1pref_VV=[1.009,1.000,1.004]
l1pref_ST=[1.002,1.004,1.000]

Sig_scale=[1.009,1.003,1.010]

Sig_pdf=[1.000,1.000,1.000]

ele_ZA_ID=[1.080,1.085,1.076]
ele_ZA-EWK_ID=[1.086,1.108,1.090]
ele_TTA_ID=[1.067,1.067,1.067]
ele_VV_ID=[1.098,1.098,1.098]
ele_ST_ID=[1.028,1.000,1.028]

ele_ZA_reco=[1.010,1.010,1.010]
ele_ZA-EWK_reco=[1.010,1.010,1.010]
ele_TTA_reco=[1.010,1.010,1.010]
ele_VV_reco=[1.010,1.010,1.010]
ele_ST_reco=[1.010,1.000,1.010]

muon_ZA_all=[1.013,1.013,1.013]
muon_ZA-EWK_all=[1.013,1.013,1.012]
muon_TTA_all=[1.013,1.013,1.013]
muon_VV_all=[1.015,1.015,1.015]
muon_ST_all=[1.010,1.010,1.010]

muon_ZA_trigger=[1.007,1.006,1.007]
muon_ZA-EWK_trigger=[1.007,1.007,1.007]
muon_TTA_trigger=[1.006,1.006,1.006]
muon_VV_trigger=[1.008,1.008,1.008]
muon_ST_trigger=[1.006,1.006,1.006]

photon_ZA_ID=[1.028,1.029,1.031]
photon_ZA-EWK_ID=[1.030,1.031,1.030]
photon_TTA_ID=[1.034,1.034,1.034]
photon_VV_ID=[1.032,1.032,1.032]
photon_ST_ID=[1.024,1.024,1.024]

pu_ZA=[1.002,1.007,1.006]
pu_ewk=[1.010,1.004,1.008]
pu_TTA=[1.006,1.018,1.015]
pu_VV=[1.011,1.060,1.063]
pu_ST=[1.016,1.193,1.037]
pu_ZA=[1.001,1.006,1.002]
pu_ewk=[1.011,1.006,1.007]
pu_TTA=[1.010,1.023,1.023]
pu_VV=[1.004,1.027,1.010]
pu_ST=[1.001,1.145,1.123]

ZA_eff=[1.008,1.009,1.009]
ZA-EWK_eff=[1.003,1.003,1.003]
ZA-EWKout_eff=[1.006,1.011,1.008]
TTA_eff=[1.000,1.000,1.000]
VV_eff=[1.029,1.029,1.029]
ST_eff=[1.004,1.004,1.004]

ZA_mis=[1.202,1.084,1.091]
ZA-EWK_mis=[1.001,1.000,1.000]
ZA-EWKout_mis=[1.019,1.008,1.010]
TTA_mis=[1.007,1.007,1.007]
VV_mis=[1.182,1.182,1.182]
ST_mis=[1.037,1.037,1.037]

