fake17=[1.264,1.280,1.247]

interf17=[1.229,1.133,1.158]

QCD_pdf=[1.012,1.011,1.010]

SigOut_pdf=[1.002,1.002,1.002]

QCD_scale=[1.153,1.156,1.155]

scale_band1=[1.149,1.140,1.140]
scale_band2=[1.063,1.060,1.060]
scale_band3=[1.089,1.087,1.087]

QCD_scale_up=[1.002,1.015,1.013]

QCD_scale_down=[0.994,0.985,0.986]

SigOut_scale=[1.014,1.019,1.025]

jes17_ZA=[1.23,1.29,1.26]
jes17_ZA-EWK=[1.15,1.09,1.11]
jes17_ZA-EWKout=[1.12,1.16,1.26]
jes17_TTA=[1.52,1.52,1.52]
jes17_VV=[1.81,1.81,1.81]
jes17_ST=[1.02,1.02,1.02]

jer17_ZA=[1.13,1.14,1.09]
jer17_ZA-EWK=[1.15,1.09,1.10]
jer17_ZA-EWKout=[1.14,1.20,1.25]
jer17_TTA=[1.71,1.71,1.71]
jer17_VV=[1.65,1.65,1.65]
jer17_ST=[1.05,1.05,1.05]

l1pref17=[1.028,1.025,1.034]

Sig_scale=[1.009,1.003,1.010]

Sig_pdf=[1.000,1.000,1.000]

ele_ID=[1.093]
ele_reco=[1.010]
muon_all=[1.013]
muon_trigger=[1.007]
photon_ID=[1.030]
ZA_eff=[1.012,1.001,1.006]
ZA-EWK_eff=[1.009,1.007,1.007]
ZA-EWKout_eff=[1.148,1.035,1.013]
TTA_eff=[1.015,1.015,1.015]
VV_eff=[1.013,1.013,1.013]
ST_eff=[1.002,1.002,1.002]

ZA_mis=[1.015,1.000,12.477]
ZA-EWK_mis=[1.003,1.000,1.000]
ZA-EWKout_mis=[1.020,1.010,1.002]
TTA_mis=[1.000,1.000,1.000]
VV_mis=[1.000,1.000,1.000]
ST_mis=[1.000,1.000,1.000]

