fake16=[1.124,1.136,1.126]

interf16=[1.277,1.176,1.122]

QCD_pdf=[1.012,1.011,1.010]

SigOut_pdf=[1.042,1.039,1.038]

QCD_scale=[1.126,1.130,1.132]

scale_band1=[1.122,1.123,1.119]
scale_band2=[1.053,1.054,1.052]
scale_band3=[1.069,1.073,1.072]

QCD_scale_up=[0.995,1.005,1.013]

QCD_scale_down=[1.001,0.992,0.989]

SigOut_scale=[1.006,1.012,1.021]

jes16_ZA=[1.07,1.08,1.09]
jes16_ZA-EWK=[1.03,1.02,1.02]
jes16_ZA-EWKout=[1.09,1.08,1.13]
jes16_TTA=[1.02,1.02,1.02]
jes16_VV=[1.02,1.02,1.02]
jes16_ST=[1.05,1.05,1.00]

jer16_ZA=[1.03,1.05,1.06]
jer16_ZA-EWK=[1.02,1.00,1.03]
jer16_ZA-EWKout=[1.09,1.05,1.07]
jer16_TTA=[1.02,1.02,1.02]
jer16_VV=[1.07,1.07,1.07]
jer16_ST=[1.04,1.04,1.04]

l1pref16=[1.006,1.007,1.007]

Sig_scale=[1.008,1.001,1.011]

Sig_pdf=[1.002,1.002,1.002]

ele_ID=[1.069]
ele_reco=[1.012]
muon_all=[1.023]
muon_trigger=[1.009]
photon_ID=[1.024]
