outZA_total.root
/home/pku/anying/tmp/16/ZA16/outZA_total.root
numberofnp:24546261  numberofnm:5961376
 0 0 1 outZA_total.root scalef 0.00276354 0 30507637
 0 0 1 outZA_total.root scalef 0.00276354 100000 30507637
 1 0 -1 outZA_total.root scalef -0.00276354 200000 30507637
 0 0 1 outZA_total.root scalef 0.00276354 300000 30507637
 0 0 1 outZA_total.root scalef 0.00276354 400000 30507637
 0 0 1 outZA_total.root scalef 0.00276354 500000 30507637
 0 1 1 outZA_total.root scalef 0.00276354 600000 30507637
 0 0 1 outZA_total.root scalef 0.00276354 700000 30507637
 0 1 1 outZA_total.root scalef 0.00276354 800000 30507637
 0 0 1 outZA_total.root scalef 0.00276354 900000 30507637
 0 0 1 outZA_total.root scalef 0.00276354 1000000 30507637
 0 1 1 outZA_total.root scalef 0.00276354 1100000 30507637
 0 0 1 outZA_total.root scalef 0.00276354 1200000 30507637
 0 0 1 outZA_total.root scalef 0.00276354 1300000 30507637
 0 0 -1 outZA_total.root scalef -0.00276354 1400000 30507637
 0 1 1 outZA_total.root scalef 0.00276354 1500000 30507637
 0 1 1 outZA_total.root scalef 0.00276354 1600000 30507637
 0 1 1 outZA_total.root scalef 0.00276354 1700000 30507637
 0 0 1 outZA_total.root scalef 0.00276354 1800000 30507637
 0 0 -1 outZA_total.root scalef -0.00276354 1900000 30507637
 0 0 1 outZA_total.root scalef 0.00276354 2000000 30507637
 0 1 1 outZA_total.root scalef 0.00276354 2100000 30507637
 0 1 1 outZA_total.root scalef 0.00276354 2200000 30507637
 0 0 1 outZA_total.root scalef 0.00276354 2300000 30507637
 0 1 -1 outZA_total.root scalef -0.00276354 2400000 30507637
 0 0 1 outZA_total.root scalef 0.00276354 2500000 30507637
 0 0 1 outZA_total.root scalef 0.00276354 2600000 30507637
 0 1 1 outZA_total.root scalef 0.00276354 2700000 30507637
 1 0 1 outZA_total.root scalef 0.00276354 2800000 30507637
 0 0 -1 outZA_total.root scalef -0.00276354 2900000 30507637
 0 0 1 outZA_total.root scalef 0.00276354 3000000 30507637
 0 1 1 outZA_total.root scalef 0.00276354 3100000 30507637
 0 0 -1 outZA_total.root scalef -0.00276354 3200000 30507637
 0 1 1 outZA_total.root scalef 0.00276354 3300000 30507637
 0 0 1 outZA_total.root scalef 0.00276354 3400000 30507637
 0 0 1 outZA_total.root scalef 0.00276354 3500000 30507637
 0 0 1 outZA_total.root scalef 0.00276354 3600000 30507637
 0 0 1 outZA_total.root scalef 0.00276354 3700000 30507637
 0 0 1 outZA_total.root scalef 0.00276354 3800000 30507637
 0 0 -1 outZA_total.root scalef -0.00276354 3900000 30507637
 0 0 1 outZA_total.root scalef 0.00276354 4000000 30507637
 0 1 1 outZA_total.root scalef 0.00276354 4100000 30507637
 0 1 1 outZA_total.root scalef 0.00276354 4200000 30507637
 0 0 1 outZA_total.root scalef 0.00276354 4300000 30507637
 0 1 1 outZA_total.root scalef 0.00276354 4400000 30507637
 0 0 1 outZA_total.root scalef 0.00276354 4500000 30507637
 0 0 1 outZA_total.root scalef 0.00276354 4600000 30507637
 0 0 -1 outZA_total.root scalef -0.00276354 4700000 30507637
 0 0 1 outZA_total.root scalef 0.00276354 4800000 30507637
 0 0 1 outZA_total.root scalef 0.00276354 4900000 30507637
 0 0 1 outZA_total.root scalef 0.00276354 5000000 30507637
 0 0 -1 outZA_total.root scalef -0.00276354 5100000 30507637
 0 0 1 outZA_total.root scalef 0.00276354 5200000 30507637
 0 1 -1 outZA_total.root scalef -0.00276354 5300000 30507637
 0 1 1 outZA_total.root scalef 0.00276354 5400000 30507637
 0 1 1 outZA_total.root scalef 0.00276354 5500000 30507637
 0 0 1 outZA_total.root scalef 0.00276354 5600000 30507637
 0 1 1 outZA_total.root scalef 0.00276354 5700000 30507637
 0 0 1 outZA_total.root scalef 0.00276354 5800000 30507637
 0 0 1 outZA_total.root scalef 0.00276354 5900000 30507637
 0 0 1 outZA_total.root scalef 0.00276354 6000000 30507637
 0 0 1 outZA_total.root scalef 0.00276354 6100000 30507637
 0 0 1 outZA_total.root scalef 0.00276354 6200000 30507637
 0 1 -1 outZA_total.root scalef -0.00276354 6300000 30507637
 0 1 -1 outZA_total.root scalef -0.00276354 6400000 30507637
 0 0 1 outZA_total.root scalef 0.00276354 6500000 30507637
 0 0 -1 outZA_total.root scalef -0.00276354 6600000 30507637
 0 0 1 outZA_total.root scalef 0.00276354 6700000 30507637
 0 1 1 outZA_total.root scalef 0.00276354 6800000 30507637
 0 0 1 outZA_total.root scalef 0.00276354 6900000 30507637
 0 1 1 outZA_total.root scalef 0.00276354 7000000 30507637
 0 1 1 outZA_total.root scalef 0.00276354 7100000 30507637
 0 1 1 outZA_total.root scalef 0.00276354 7200000 30507637
 0 0 1 outZA_total.root scalef 0.00276354 7300000 30507637
 0 0 1 outZA_total.root scalef 0.00276354 7400000 30507637
 0 1 1 outZA_total.root scalef 0.00276354 7500000 30507637
 0 0 1 outZA_total.root scalef 0.00276354 7600000 30507637
 0 0 1 outZA_total.root scalef 0.00276354 7700000 30507637
 0 0 1 outZA_total.root scalef 0.00276354 7800000 30507637
 0 0 -1 outZA_total.root scalef -0.00276354 7900000 30507637
 0 0 1 outZA_total.root scalef 0.00276354 8000000 30507637
 0 0 -1 outZA_total.root scalef -0.00276354 8100000 30507637
 0 0 1 outZA_total.root scalef 0.00276354 8200000 30507637
 0 1 1 outZA_total.root scalef 0.00276354 8300000 30507637
 0 1 1 outZA_total.root scalef 0.00276354 8400000 30507637
 0 0 1 outZA_total.root scalef 0.00276354 8500000 30507637
 0 1 1 outZA_total.root scalef 0.00276354 8600000 30507637
 0 1 1 outZA_total.root scalef 0.00276354 8700000 30507637
 0 1 1 outZA_total.root scalef 0.00276354 8800000 30507637
 0 1 1 outZA_total.root scalef 0.00276354 8900000 30507637
 0 0 1 outZA_total.root scalef 0.00276354 9000000 30507637
 0 0 1 outZA_total.root scalef 0.00276354 9100000 30507637
 0 0 1 outZA_total.root scalef 0.00276354 9200000 30507637
 0 0 1 outZA_total.root scalef 0.00276354 9300000 30507637
 0 1 1 outZA_total.root scalef 0.00276354 9400000 30507637
 0 0 -1 outZA_total.root scalef -0.00276354 9500000 30507637
 0 0 1 outZA_total.root scalef 0.00276354 9600000 30507637
 0 0 -1 outZA_total.root scalef -0.00276354 9700000 30507637
 0 0 1 outZA_total.root scalef 0.00276354 9800000 30507637
 0 1 1 outZA_total.root scalef 0.00276354 9900000 30507637
 0 1 1 outZA_total.root scalef 0.00276354 10000000 30507637
 0 1 1 outZA_total.root scalef 0.00276354 10100000 30507637
 0 0 1 outZA_total.root scalef 0.00276354 10200000 30507637
 0 1 1 outZA_total.root scalef 0.00276354 10300000 30507637
 0 0 -1 outZA_total.root scalef -0.00276354 10400000 30507637
 0 0 -1 outZA_total.root scalef -0.00276354 10500000 30507637
 0 0 1 outZA_total.root scalef 0.00276354 10600000 30507637
 0 0 1 outZA_total.root scalef 0.00276354 10700000 30507637
 0 1 1 outZA_total.root scalef 0.00276354 10800000 30507637
 0 0 -1 outZA_total.root scalef -0.00276354 10900000 30507637
 0 1 1 outZA_total.root scalef 0.00276354 11000000 30507637
 0 0 -1 outZA_total.root scalef -0.00276354 11100000 30507637
 0 0 1 outZA_total.root scalef 0.00276354 11200000 30507637
 0 0 1 outZA_total.root scalef 0.00276354 11300000 30507637
 0 0 1 outZA_total.root scalef 0.00276354 11400000 30507637
 0 0 1 outZA_total.root scalef 0.00276354 11500000 30507637
 0 1 -1 outZA_total.root scalef -0.00276354 11600000 30507637
 0 0 1 outZA_total.root scalef 0.00276354 11700000 30507637
 1 0 -1 outZA_total.root scalef -0.00276354 11800000 30507637
 0 0 1 outZA_total.root scalef 0.00276354 11900000 30507637
 0 1 1 outZA_total.root scalef 0.00276354 12000000 30507637
 0 1 1 outZA_total.root scalef 0.00276354 12100000 30507637
 0 0 1 outZA_total.root scalef 0.00276354 12200000 30507637
 0 0 -1 outZA_total.root scalef -0.00276354 12300000 30507637
 0 1 1 outZA_total.root scalef 0.00276354 12400000 30507637
 0 1 -1 outZA_total.root scalef -0.00276354 12500000 30507637
 0 1 1 outZA_total.root scalef 0.00276354 12600000 30507637
 0 0 1 outZA_total.root scalef 0.00276354 12700000 30507637
 0 0 1 outZA_total.root scalef 0.00276354 12800000 30507637
 0 0 1 outZA_total.root scalef 0.00276354 12900000 30507637
 0 1 1 outZA_total.root scalef 0.00276354 13000000 30507637
 0 0 1 outZA_total.root scalef 0.00276354 13100000 30507637
 0 0 1 outZA_total.root scalef 0.00276354 13200000 30507637
 1 0 1 outZA_total.root scalef 0.00276354 13300000 30507637
 0 1 1 outZA_total.root scalef 0.00276354 13400000 30507637
 0 0 1 outZA_total.root scalef 0.00276354 13500000 30507637
 0 1 1 outZA_total.root scalef 0.00276354 13600000 30507637
 0 1 1 outZA_total.root scalef 0.00276354 13700000 30507637
 0 0 1 outZA_total.root scalef 0.00276354 13800000 30507637
 0 0 1 outZA_total.root scalef 0.00276354 13900000 30507637
 0 1 1 outZA_total.root scalef 0.00276354 14000000 30507637
 0 0 1 outZA_total.root scalef 0.00276354 14100000 30507637
 0 0 1 outZA_total.root scalef 0.00276354 14200000 30507637
 0 0 1 outZA_total.root scalef 0.00276354 14300000 30507637
 0 1 1 outZA_total.root scalef 0.00276354 14400000 30507637
 1 0 1 outZA_total.root scalef 0.00276354 14500000 30507637
 0 0 1 outZA_total.root scalef 0.00276354 14600000 30507637
 0 0 1 outZA_total.root scalef 0.00276354 14700000 30507637
 0 0 1 outZA_total.root scalef 0.00276354 14800000 30507637
 0 0 1 outZA_total.root scalef 0.00276354 14900000 30507637
 0 1 1 outZA_total.root scalef 0.00276354 15000000 30507637
 0 0 1 outZA_total.root scalef 0.00276354 15100000 30507637
 0 0 1 outZA_total.root scalef 0.00276354 15200000 30507637
 0 0 1 outZA_total.root scalef 0.00276354 15300000 30507637
 0 1 -1 outZA_total.root scalef -0.00276354 15400000 30507637
 0 1 1 outZA_total.root scalef 0.00276354 15500000 30507637
 0 0 1 outZA_total.root scalef 0.00276354 15600000 30507637
 0 0 -1 outZA_total.root scalef -0.00276354 15700000 30507637
 0 0 1 outZA_total.root scalef 0.00276354 15800000 30507637
 0 0 -1 outZA_total.root scalef -0.00276354 15900000 30507637
 0 0 1 outZA_total.root scalef 0.00276354 16000000 30507637
 0 0 1 outZA_total.root scalef 0.00276354 16100000 30507637
 0 0 1 outZA_total.root scalef 0.00276354 16200000 30507637
 0 1 1 outZA_total.root scalef 0.00276354 16300000 30507637
 0 0 1 outZA_total.root scalef 0.00276354 16400000 30507637
 0 0 -1 outZA_total.root scalef -0.00276354 16500000 30507637
 0 0 1 outZA_total.root scalef 0.00276354 16600000 30507637
 0 1 1 outZA_total.root scalef 0.00276354 16700000 30507637
 0 1 -1 outZA_total.root scalef -0.00276354 16800000 30507637
 0 0 1 outZA_total.root scalef 0.00276354 16900000 30507637
 0 0 1 outZA_total.root scalef 0.00276354 17000000 30507637
 0 0 -1 outZA_total.root scalef -0.00276354 17100000 30507637
 1 0 1 outZA_total.root scalef 0.00276354 17200000 30507637
 0 0 1 outZA_total.root scalef 0.00276354 17300000 30507637
 0 1 -1 outZA_total.root scalef -0.00276354 17400000 30507637
 0 0 1 outZA_total.root scalef 0.00276354 17500000 30507637
 0 1 1 outZA_total.root scalef 0.00276354 17600000 30507637
 0 0 1 outZA_total.root scalef 0.00276354 17700000 30507637
 0 0 -1 outZA_total.root scalef -0.00276354 17800000 30507637
 1 0 -1 outZA_total.root scalef -0.00276354 17900000 30507637
 0 1 -1 outZA_total.root scalef -0.00276354 18000000 30507637
 0 1 1 outZA_total.root scalef 0.00276354 18100000 30507637
 0 0 1 outZA_total.root scalef 0.00276354 18200000 30507637
 0 1 1 outZA_total.root scalef 0.00276354 18300000 30507637
 0 0 1 outZA_total.root scalef 0.00276354 18400000 30507637
 0 1 1 outZA_total.root scalef 0.00276354 18500000 30507637
 0 1 1 outZA_total.root scalef 0.00276354 18600000 30507637
 0 1 1 outZA_total.root scalef 0.00276354 18700000 30507637
 0 0 1 outZA_total.root scalef 0.00276354 18800000 30507637
 0 0 1 outZA_total.root scalef 0.00276354 18900000 30507637
 0 0 1 outZA_total.root scalef 0.00276354 19000000 30507637
 0 0 -1 outZA_total.root scalef -0.00276354 19100000 30507637
 0 1 1 outZA_total.root scalef 0.00276354 19200000 30507637
 0 0 1 outZA_total.root scalef 0.00276354 19300000 30507637
 0 0 1 outZA_total.root scalef 0.00276354 19400000 30507637
 0 0 -1 outZA_total.root scalef -0.00276354 19500000 30507637
 0 1 1 outZA_total.root scalef 0.00276354 19600000 30507637
 0 0 -1 outZA_total.root scalef -0.00276354 19700000 30507637
 0 1 1 outZA_total.root scalef 0.00276354 19800000 30507637
 0 0 1 outZA_total.root scalef 0.00276354 19900000 30507637
 0 0 1 outZA_total.root scalef 0.00276354 20000000 30507637
 0 0 -1 outZA_total.root scalef -0.00276354 20100000 30507637
 0 0 1 outZA_total.root scalef 0.00276354 20200000 30507637
 0 1 1 outZA_total.root scalef 0.00276354 20300000 30507637
 0 0 -1 outZA_total.root scalef -0.00276354 20400000 30507637
 0 1 -1 outZA_total.root scalef -0.00276354 20500000 30507637
 0 0 1 outZA_total.root scalef 0.00276354 20600000 30507637
 0 0 -1 outZA_total.root scalef -0.00276354 20700000 30507637
 0 0 1 outZA_total.root scalef 0.00276354 20800000 30507637
 0 0 -1 outZA_total.root scalef -0.00276354 20900000 30507637
 0 0 1 outZA_total.root scalef 0.00276354 21000000 30507637
 0 1 1 outZA_total.root scalef 0.00276354 21100000 30507637
 0 0 -1 outZA_total.root scalef -0.00276354 21200000 30507637
 0 1 1 outZA_total.root scalef 0.00276354 21300000 30507637
 1 0 -1 outZA_total.root scalef -0.00276354 21400000 30507637
 0 0 1 outZA_total.root scalef 0.00276354 21500000 30507637
 0 0 1 outZA_total.root scalef 0.00276354 21600000 30507637
 0 0 1 outZA_total.root scalef 0.00276354 21700000 30507637
 0 0 1 outZA_total.root scalef 0.00276354 21800000 30507637
 0 0 1 outZA_total.root scalef 0.00276354 21900000 30507637
 0 1 -1 outZA_total.root scalef -0.00276354 22000000 30507637
 0 0 1 outZA_total.root scalef 0.00276354 22100000 30507637
 0 0 1 outZA_total.root scalef 0.00276354 22200000 30507637
 0 0 -1 outZA_total.root scalef -0.00276354 22300000 30507637
 0 1 1 outZA_total.root scalef 0.00276354 22400000 30507637
 1 0 1 outZA_total.root scalef 0.00276354 22500000 30507637
 0 0 -1 outZA_total.root scalef -0.00276354 22600000 30507637
 0 0 1 outZA_total.root scalef 0.00276354 22700000 30507637
 0 0 1 outZA_total.root scalef 0.00276354 22800000 30507637
 0 0 1 outZA_total.root scalef 0.00276354 22900000 30507637
 0 1 1 outZA_total.root scalef 0.00276354 23000000 30507637
 0 0 1 outZA_total.root scalef 0.00276354 23100000 30507637
 0 0 -1 outZA_total.root scalef -0.00276354 23200000 30507637
 0 0 -1 outZA_total.root scalef -0.00276354 23300000 30507637
 0 0 1 outZA_total.root scalef 0.00276354 23400000 30507637
 0 0 1 outZA_total.root scalef 0.00276354 23500000 30507637
 0 1 1 outZA_total.root scalef 0.00276354 23600000 30507637
 0 0 -1 outZA_total.root scalef -0.00276354 23700000 30507637
 0 1 1 outZA_total.root scalef 0.00276354 23800000 30507637
 0 0 -1 outZA_total.root scalef -0.00276354 23900000 30507637
 0 0 1 outZA_total.root scalef 0.00276354 24000000 30507637
 0 0 1 outZA_total.root scalef 0.00276354 24100000 30507637
 0 0 1 outZA_total.root scalef 0.00276354 24200000 30507637
 0 0 1 outZA_total.root scalef 0.00276354 24300000 30507637
 0 0 1 outZA_total.root scalef 0.00276354 24400000 30507637
 0 0 1 outZA_total.root scalef 0.00276354 24500000 30507637
 0 1 1 outZA_total.root scalef 0.00276354 24600000 30507637
 0 1 -1 outZA_total.root scalef -0.00276354 24700000 30507637
 0 0 1 outZA_total.root scalef 0.00276354 24800000 30507637
 0 1 1 outZA_total.root scalef 0.00276354 24900000 30507637
 0 1 1 outZA_total.root scalef 0.00276354 25000000 30507637
 0 0 -1 outZA_total.root scalef -0.00276354 25100000 30507637
 0 1 -1 outZA_total.root scalef -0.00276354 25200000 30507637
 0 1 1 outZA_total.root scalef 0.00276354 25300000 30507637
 1 0 1 outZA_total.root scalef 0.00276354 25400000 30507637
 0 0 1 outZA_total.root scalef 0.00276354 25500000 30507637
 0 0 -1 outZA_total.root scalef -0.00276354 25600000 30507637
 0 1 -1 outZA_total.root scalef -0.00276354 25700000 30507637
 0 0 1 outZA_total.root scalef 0.00276354 25800000 30507637
 0 0 1 outZA_total.root scalef 0.00276354 25900000 30507637
 0 0 1 outZA_total.root scalef 0.00276354 26000000 30507637
 0 0 -1 outZA_total.root scalef -0.00276354 26100000 30507637
 0 1 -1 outZA_total.root scalef -0.00276354 26200000 30507637
 0 0 1 outZA_total.root scalef 0.00276354 26300000 30507637
 0 0 -1 outZA_total.root scalef -0.00276354 26400000 30507637
 1 0 1 outZA_total.root scalef 0.00276354 26500000 30507637
 0 1 1 outZA_total.root scalef 0.00276354 26600000 30507637
 0 0 1 outZA_total.root scalef 0.00276354 26700000 30507637
 0 1 -1 outZA_total.root scalef -0.00276354 26800000 30507637
 0 0 1 outZA_total.root scalef 0.00276354 26900000 30507637
 1 0 1 outZA_total.root scalef 0.00276354 27000000 30507637
 0 1 -1 outZA_total.root scalef -0.00276354 27100000 30507637
 0 0 1 outZA_total.root scalef 0.00276354 27200000 30507637
 0 1 1 outZA_total.root scalef 0.00276354 27300000 30507637
 0 0 1 outZA_total.root scalef 0.00276354 27400000 30507637
 0 0 -1 outZA_total.root scalef -0.00276354 27500000 30507637
 0 0 1 outZA_total.root scalef 0.00276354 27600000 30507637
 0 0 1 outZA_total.root scalef 0.00276354 27700000 30507637
 0 1 1 outZA_total.root scalef 0.00276354 27800000 30507637
 0 0 1 outZA_total.root scalef 0.00276354 27900000 30507637
 0 0 1 outZA_total.root scalef 0.00276354 28000000 30507637
 0 0 -1 outZA_total.root scalef -0.00276354 28100000 30507637
 0 0 1 outZA_total.root scalef 0.00276354 28200000 30507637
 0 0 1 outZA_total.root scalef 0.00276354 28300000 30507637
 0 0 1 outZA_total.root scalef 0.00276354 28400000 30507637
 0 0 1 outZA_total.root scalef 0.00276354 28500000 30507637
 0 1 1 outZA_total.root scalef 0.00276354 28600000 30507637
 0 0 1 outZA_total.root scalef 0.00276354 28700000 30507637
 0 1 1 outZA_total.root scalef 0.00276354 28800000 30507637
 0 0 1 outZA_total.root scalef 0.00276354 28900000 30507637
 0 0 1 outZA_total.root scalef 0.00276354 29000000 30507637
 0 1 -1 outZA_total.root scalef -0.00276354 29100000 30507637
 0 0 1 outZA_total.root scalef 0.00276354 29200000 30507637
 1 0 1 outZA_total.root scalef 0.00276354 29300000 30507637
 0 1 1 outZA_total.root scalef 0.00276354 29400000 30507637
 0 0 -1 outZA_total.root scalef -0.00276354 29500000 30507637
 0 0 1 outZA_total.root scalef 0.00276354 29600000 30507637
 0 0 -1 outZA_total.root scalef -0.00276354 29700000 30507637
 0 0 1 outZA_total.root scalef 0.00276354 29800000 30507637
 0 0 1 outZA_total.root scalef 0.00276354 29900000 30507637
 0 0 1 outZA_total.root scalef 0.00276354 30000000 30507637
 0 0 1 outZA_total.root scalef 0.00276354 30100000 30507637
 0 0 1 outZA_total.root scalef 0.00276354 30200000 30507637
 0 0 1 outZA_total.root scalef 0.00276354 30300000 30507637
 0 0 1 outZA_total.root scalef 0.00276354 30400000 30507637
 0 0 1 outZA_total.root scalef 0.00276354 30500000 30507637
outTTA.root
/home/pku/anying/tmp/16/TTA16/outTTA.root
numberofnp:6542047  numberofnm:3342946
 0 0 1 outTTA.root scalef 0.00115564 0 9884993
 0 0 -1 outTTA.root scalef -0.00115564 100000 9884993
 0 0 1 outTTA.root scalef 0.00115564 200000 9884993
 0 1 -1 outTTA.root scalef -0.00115564 300000 9884993
 0 0 -1 outTTA.root scalef -0.00115564 400000 9884993
 0 0 1 outTTA.root scalef 0.00115564 500000 9884993
 0 1 1 outTTA.root scalef 0.00115564 600000 9884993
 0 0 -1 outTTA.root scalef -0.00115564 700000 9884993
 0 0 1 outTTA.root scalef 0.00115564 800000 9884993
 0 0 1 outTTA.root scalef 0.00115564 900000 9884993
 0 0 1 outTTA.root scalef 0.00115564 1000000 9884993
 0 0 1 outTTA.root scalef 0.00115564 1100000 9884993
 0 0 1 outTTA.root scalef 0.00115564 1200000 9884993
 0 0 -1 outTTA.root scalef -0.00115564 1300000 9884993
 0 0 1 outTTA.root scalef 0.00115564 1400000 9884993
 0 0 -1 outTTA.root scalef -0.00115564 1500000 9884993
 0 0 -1 outTTA.root scalef -0.00115564 1600000 9884993
 0 0 -1 outTTA.root scalef -0.00115564 1700000 9884993
 0 0 -1 outTTA.root scalef -0.00115564 1800000 9884993
 0 0 -1 outTTA.root scalef -0.00115564 1900000 9884993
 0 0 -1 outTTA.root scalef -0.00115564 2000000 9884993
 0 0 -1 outTTA.root scalef -0.00115564 2100000 9884993
 0 0 -1 outTTA.root scalef -0.00115564 2200000 9884993
 0 0 -1 outTTA.root scalef -0.00115564 2300000 9884993
 0 0 1 outTTA.root scalef 0.00115564 2400000 9884993
 0 0 1 outTTA.root scalef 0.00115564 2500000 9884993
 0 0 -1 outTTA.root scalef -0.00115564 2600000 9884993
 0 1 1 outTTA.root scalef 0.00115564 2700000 9884993
 0 0 1 outTTA.root scalef 0.00115564 2800000 9884993
 0 1 -1 outTTA.root scalef -0.00115564 2900000 9884993
 0 0 -1 outTTA.root scalef -0.00115564 3000000 9884993
 0 0 -1 outTTA.root scalef -0.00115564 3100000 9884993
 0 0 1 outTTA.root scalef 0.00115564 3200000 9884993
 0 0 1 outTTA.root scalef 0.00115564 3300000 9884993
 0 0 -1 outTTA.root scalef -0.00115564 3400000 9884993
 0 0 1 outTTA.root scalef 0.00115564 3500000 9884993
 0 1 1 outTTA.root scalef 0.00115564 3600000 9884993
 0 1 1 outTTA.root scalef 0.00115564 3700000 9884993
 0 0 -1 outTTA.root scalef -0.00115564 3800000 9884993
 0 1 -1 outTTA.root scalef -0.00115564 3900000 9884993
 0 0 1 outTTA.root scalef 0.00115564 4000000 9884993
 0 0 1 outTTA.root scalef 0.00115564 4100000 9884993
 0 0 1 outTTA.root scalef 0.00115564 4200000 9884993
 0 1 -1 outTTA.root scalef -0.00115564 4300000 9884993
 0 0 -1 outTTA.root scalef -0.00115564 4400000 9884993
 0 0 -1 outTTA.root scalef -0.00115564 4500000 9884993
 0 1 1 outTTA.root scalef 0.00115564 4600000 9884993
 0 0 -1 outTTA.root scalef -0.00115564 4700000 9884993
 0 0 1 outTTA.root scalef 0.00115564 4800000 9884993
 0 1 1 outTTA.root scalef 0.00115564 4900000 9884993
 0 0 1 outTTA.root scalef 0.00115564 5000000 9884993
 0 0 -1 outTTA.root scalef -0.00115564 5100000 9884993
 0 0 1 outTTA.root scalef 0.00115564 5200000 9884993
 0 0 1 outTTA.root scalef 0.00115564 5300000 9884993
 0 1 1 outTTA.root scalef 0.00115564 5400000 9884993
 0 0 1 outTTA.root scalef 0.00115564 5500000 9884993
 0 0 1 outTTA.root scalef 0.00115564 5600000 9884993
 0 0 1 outTTA.root scalef 0.00115564 5700000 9884993
 0 0 1 outTTA.root scalef 0.00115564 5800000 9884993
 0 0 1 outTTA.root scalef 0.00115564 5900000 9884993
 0 1 1 outTTA.root scalef 0.00115564 6000000 9884993
 0 0 -1 outTTA.root scalef -0.00115564 6100000 9884993
 0 1 -1 outTTA.root scalef -0.00115564 6200000 9884993
 0 0 1 outTTA.root scalef 0.00115564 6300000 9884993
 0 1 -1 outTTA.root scalef -0.00115564 6400000 9884993
 0 0 1 outTTA.root scalef 0.00115564 6500000 9884993
 0 0 -1 outTTA.root scalef -0.00115564 6600000 9884993
 0 0 -1 outTTA.root scalef -0.00115564 6700000 9884993
 0 0 -1 outTTA.root scalef -0.00115564 6800000 9884993
 0 0 1 outTTA.root scalef 0.00115564 6900000 9884993
 0 0 1 outTTA.root scalef 0.00115564 7000000 9884993
 0 0 1 outTTA.root scalef 0.00115564 7100000 9884993
 0 0 1 outTTA.root scalef 0.00115564 7200000 9884993
 0 1 1 outTTA.root scalef 0.00115564 7300000 9884993
 0 1 1 outTTA.root scalef 0.00115564 7400000 9884993
 0 0 1 outTTA.root scalef 0.00115564 7500000 9884993
 0 0 -1 outTTA.root scalef -0.00115564 7600000 9884993
 0 0 1 outTTA.root scalef 0.00115564 7700000 9884993
 0 0 1 outTTA.root scalef 0.00115564 7800000 9884993
 0 0 1 outTTA.root scalef 0.00115564 7900000 9884993
 0 1 1 outTTA.root scalef 0.00115564 8000000 9884993
 0 0 1 outTTA.root scalef 0.00115564 8100000 9884993
 0 0 1 outTTA.root scalef 0.00115564 8200000 9884993
 0 0 1 outTTA.root scalef 0.00115564 8300000 9884993
 0 0 -1 outTTA.root scalef -0.00115564 8400000 9884993
 0 1 -1 outTTA.root scalef -0.00115564 8500000 9884993
 0 0 -1 outTTA.root scalef -0.00115564 8600000 9884993
 0 0 -1 outTTA.root scalef -0.00115564 8700000 9884993
 0 1 -1 outTTA.root scalef -0.00115564 8800000 9884993
 0 0 1 outTTA.root scalef 0.00115564 8900000 9884993
 0 0 1 outTTA.root scalef 0.00115564 9000000 9884993
 0 0 1 outTTA.root scalef 0.00115564 9100000 9884993
 0 0 -1 outTTA.root scalef -0.00115564 9200000 9884993
 0 0 -1 outTTA.root scalef -0.00115564 9300000 9884993
 0 0 1 outTTA.root scalef 0.00115564 9400000 9884993
 0 0 -1 outTTA.root scalef -0.00115564 9500000 9884993
 0 0 1 outTTA.root scalef 0.00115564 9600000 9884993
 0 0 1 outTTA.root scalef 0.00115564 9700000 9884993
 0 0 1 outTTA.root scalef 0.00115564 9800000 9884993
outSTs.root
/home/pku/anying/tmp/16/STs16/outSTs.root
numberofnp:811475  numberofnm:188501
 0 0 1 outSTs.root scalef 0.00539348 0 999976
 0 1 1 outSTs.root scalef 0.00539348 100000 999976
 0 0 1 outSTs.root scalef 0.00539348 200000 999976
 0 0 1 outSTs.root scalef 0.00539348 300000 999976
 0 0 1 outSTs.root scalef 0.00539348 400000 999976
 0 1 1 outSTs.root scalef 0.00539348 500000 999976
 0 0 1 outSTs.root scalef 0.00539348 600000 999976
 0 0 -1 outSTs.root scalef -0.00539348 700000 999976
 0 1 1 outSTs.root scalef 0.00539348 800000 999976
 0 0 1 outSTs.root scalef 0.00539348 900000 999976
outST_tbarW.root
/home/pku/anying/tmp/16/ST-tbarw16/outST_tbarW.root
numberofnp:6932903  numberofnm:0
 0 0 1 outST_tbarW.root scalef 0.00517099 0 6932903
 0 1 1 outST_tbarW.root scalef 0.00517099 100000 6932903
 0 0 1 outST_tbarW.root scalef 0.00517099 200000 6932903
 0 0 1 outST_tbarW.root scalef 0.00517099 300000 6932903
 0 0 1 outST_tbarW.root scalef 0.00517099 400000 6932903
 0 0 1 outST_tbarW.root scalef 0.00517099 500000 6932903
 0 0 1 outST_tbarW.root scalef 0.00517099 600000 6932903
 0 0 1 outST_tbarW.root scalef 0.00517099 700000 6932903
 0 0 1 outST_tbarW.root scalef 0.00517099 800000 6932903
 0 1 1 outST_tbarW.root scalef 0.00517099 900000 6932903
 0 0 1 outST_tbarW.root scalef 0.00517099 1000000 6932903
 0 0 1 outST_tbarW.root scalef 0.00517099 1100000 6932903
 0 0 1 outST_tbarW.root scalef 0.00517099 1200000 6932903
 0 0 1 outST_tbarW.root scalef 0.00517099 1300000 6932903
 0 0 1 outST_tbarW.root scalef 0.00517099 1400000 6932903
 0 0 1 outST_tbarW.root scalef 0.00517099 1500000 6932903
 0 0 1 outST_tbarW.root scalef 0.00517099 1600000 6932903
 0 0 1 outST_tbarW.root scalef 0.00517099 1700000 6932903
 0 0 1 outST_tbarW.root scalef 0.00517099 1800000 6932903
 0 0 1 outST_tbarW.root scalef 0.00517099 1900000 6932903
 0 0 1 outST_tbarW.root scalef 0.00517099 2000000 6932903
 0 0 1 outST_tbarW.root scalef 0.00517099 2100000 6932903
 0 0 1 outST_tbarW.root scalef 0.00517099 2200000 6932903
 0 0 1 outST_tbarW.root scalef 0.00517099 2300000 6932903
 0 0 1 outST_tbarW.root scalef 0.00517099 2400000 6932903
 0 0 1 outST_tbarW.root scalef 0.00517099 2500000 6932903
 0 0 1 outST_tbarW.root scalef 0.00517099 2600000 6932903
 0 0 1 outST_tbarW.root scalef 0.00517099 2700000 6932903
 0 0 1 outST_tbarW.root scalef 0.00517099 2800000 6932903
 0 0 1 outST_tbarW.root scalef 0.00517099 2900000 6932903
 0 0 1 outST_tbarW.root scalef 0.00517099 3000000 6932903
 0 0 1 outST_tbarW.root scalef 0.00517099 3100000 6932903
 0 1 1 outST_tbarW.root scalef 0.00517099 3200000 6932903
 0 0 1 outST_tbarW.root scalef 0.00517099 3300000 6932903
 0 0 1 outST_tbarW.root scalef 0.00517099 3400000 6932903
 0 0 1 outST_tbarW.root scalef 0.00517099 3500000 6932903
 0 0 1 outST_tbarW.root scalef 0.00517099 3600000 6932903
 0 0 1 outST_tbarW.root scalef 0.00517099 3700000 6932903
 0 0 1 outST_tbarW.root scalef 0.00517099 3800000 6932903
 0 0 1 outST_tbarW.root scalef 0.00517099 3900000 6932903
 0 0 1 outST_tbarW.root scalef 0.00517099 4000000 6932903
 0 0 1 outST_tbarW.root scalef 0.00517099 4100000 6932903
 0 0 1 outST_tbarW.root scalef 0.00517099 4200000 6932903
 0 0 1 outST_tbarW.root scalef 0.00517099 4300000 6932903
 0 1 1 outST_tbarW.root scalef 0.00517099 4400000 6932903
 0 0 1 outST_tbarW.root scalef 0.00517099 4500000 6932903
 0 0 1 outST_tbarW.root scalef 0.00517099 4600000 6932903
 0 0 1 outST_tbarW.root scalef 0.00517099 4700000 6932903
 0 1 1 outST_tbarW.root scalef 0.00517099 4800000 6932903
 0 0 1 outST_tbarW.root scalef 0.00517099 4900000 6932903
 0 0 1 outST_tbarW.root scalef 0.00517099 5000000 6932903
 0 0 1 outST_tbarW.root scalef 0.00517099 5100000 6932903
 0 0 1 outST_tbarW.root scalef 0.00517099 5200000 6932903
 0 0 1 outST_tbarW.root scalef 0.00517099 5300000 6932903
 0 0 1 outST_tbarW.root scalef 0.00517099 5400000 6932903
 0 0 1 outST_tbarW.root scalef 0.00517099 5500000 6932903
 0 0 1 outST_tbarW.root scalef 0.00517099 5600000 6932903
 0 1 1 outST_tbarW.root scalef 0.00517099 5700000 6932903
 0 0 1 outST_tbarW.root scalef 0.00517099 5800000 6932903
 0 0 1 outST_tbarW.root scalef 0.00517099 5900000 6932903
 0 1 1 outST_tbarW.root scalef 0.00517099 6000000 6932903
 0 0 1 outST_tbarW.root scalef 0.00517099 6100000 6932903
 0 0 1 outST_tbarW.root scalef 0.00517099 6200000 6932903
 0 0 1 outST_tbarW.root scalef 0.00517099 6300000 6932903
 0 0 1 outST_tbarW.root scalef 0.00517099 6400000 6932903
 0 0 1 outST_tbarW.root scalef 0.00517099 6500000 6932903
 0 0 1 outST_tbarW.root scalef 0.00517099 6600000 6932903
 0 0 1 outST_tbarW.root scalef 0.00517099 6700000 6932903
 0 0 1 outST_tbarW.root scalef 0.00517099 6800000 6932903
 0 0 1 outST_tbarW.root scalef 0.00517099 6900000 6932903
outST_tW.root
/home/pku/anying/tmp/16/ST-tw16/outST_tW.root
numberofnp:6952636  numberofnm:0
 0 0 1 outST_tW.root scalef 0.00515632 0 6952636
 0 1 1 outST_tW.root scalef 0.00515632 100000 6952636
 0 1 1 outST_tW.root scalef 0.00515632 200000 6952636
 0 0 1 outST_tW.root scalef 0.00515632 300000 6952636
 0 0 1 outST_tW.root scalef 0.00515632 400000 6952636
 0 0 1 outST_tW.root scalef 0.00515632 500000 6952636
 0 1 1 outST_tW.root scalef 0.00515632 600000 6952636
 0 0 1 outST_tW.root scalef 0.00515632 700000 6952636
 0 0 1 outST_tW.root scalef 0.00515632 800000 6952636
 0 0 1 outST_tW.root scalef 0.00515632 900000 6952636
 0 1 1 outST_tW.root scalef 0.00515632 1000000 6952636
 0 1 1 outST_tW.root scalef 0.00515632 1100000 6952636
 0 0 1 outST_tW.root scalef 0.00515632 1200000 6952636
 0 0 1 outST_tW.root scalef 0.00515632 1300000 6952636
 0 0 1 outST_tW.root scalef 0.00515632 1400000 6952636
 0 0 1 outST_tW.root scalef 0.00515632 1500000 6952636
 0 0 1 outST_tW.root scalef 0.00515632 1600000 6952636
 0 1 1 outST_tW.root scalef 0.00515632 1700000 6952636
 0 1 1 outST_tW.root scalef 0.00515632 1800000 6952636
 0 0 1 outST_tW.root scalef 0.00515632 1900000 6952636
 0 0 1 outST_tW.root scalef 0.00515632 2000000 6952636
 0 0 1 outST_tW.root scalef 0.00515632 2100000 6952636
 0 0 1 outST_tW.root scalef 0.00515632 2200000 6952636
 0 0 1 outST_tW.root scalef 0.00515632 2300000 6952636
 0 0 1 outST_tW.root scalef 0.00515632 2400000 6952636
 0 0 1 outST_tW.root scalef 0.00515632 2500000 6952636
 0 0 1 outST_tW.root scalef 0.00515632 2600000 6952636
 0 1 1 outST_tW.root scalef 0.00515632 2700000 6952636
 0 1 1 outST_tW.root scalef 0.00515632 2800000 6952636
 0 0 1 outST_tW.root scalef 0.00515632 2900000 6952636
 0 0 1 outST_tW.root scalef 0.00515632 3000000 6952636
 0 1 1 outST_tW.root scalef 0.00515632 3100000 6952636
 0 0 1 outST_tW.root scalef 0.00515632 3200000 6952636
 0 1 1 outST_tW.root scalef 0.00515632 3300000 6952636
 0 0 1 outST_tW.root scalef 0.00515632 3400000 6952636
 0 1 1 outST_tW.root scalef 0.00515632 3500000 6952636
 0 0 1 outST_tW.root scalef 0.00515632 3600000 6952636
 0 0 1 outST_tW.root scalef 0.00515632 3700000 6952636
 0 0 1 outST_tW.root scalef 0.00515632 3800000 6952636
 0 1 1 outST_tW.root scalef 0.00515632 3900000 6952636
 0 0 1 outST_tW.root scalef 0.00515632 4000000 6952636
 0 1 1 outST_tW.root scalef 0.00515632 4100000 6952636
 0 0 1 outST_tW.root scalef 0.00515632 4200000 6952636
 0 1 1 outST_tW.root scalef 0.00515632 4300000 6952636
 0 0 1 outST_tW.root scalef 0.00515632 4400000 6952636
 0 0 1 outST_tW.root scalef 0.00515632 4500000 6952636
 0 0 1 outST_tW.root scalef 0.00515632 4600000 6952636
 0 0 1 outST_tW.root scalef 0.00515632 4700000 6952636
 0 0 1 outST_tW.root scalef 0.00515632 4800000 6952636
 0 0 1 outST_tW.root scalef 0.00515632 4900000 6952636
 0 0 1 outST_tW.root scalef 0.00515632 5000000 6952636
 0 1 1 outST_tW.root scalef 0.00515632 5100000 6952636
 0 0 1 outST_tW.root scalef 0.00515632 5200000 6952636
 0 0 1 outST_tW.root scalef 0.00515632 5300000 6952636
 0 0 1 outST_tW.root scalef 0.00515632 5400000 6952636
 0 0 1 outST_tW.root scalef 0.00515632 5500000 6952636
 0 0 1 outST_tW.root scalef 0.00515632 5600000 6952636
 0 0 1 outST_tW.root scalef 0.00515632 5700000 6952636
 0 0 1 outST_tW.root scalef 0.00515632 5800000 6952636
 0 0 1 outST_tW.root scalef 0.00515632 5900000 6952636
 0 1 1 outST_tW.root scalef 0.00515632 6000000 6952636
 0 0 1 outST_tW.root scalef 0.00515632 6100000 6952636
 0 0 1 outST_tW.root scalef 0.00515632 6200000 6952636
 0 0 1 outST_tW.root scalef 0.00515632 6300000 6952636
 0 0 1 outST_tW.root scalef 0.00515632 6400000 6952636
 0 0 1 outST_tW.root scalef 0.00515632 6500000 6952636
 0 1 1 outST_tW.root scalef 0.00515632 6600000 6952636
 0 0 1 outST_tW.root scalef 0.00515632 6700000 6952636
 0 0 1 outST_tW.root scalef 0.00515632 6800000 6952636
 0 0 1 outST_tW.root scalef 0.00515632 6900000 6952636
outSTtbar.root
/home/pku/anying/tmp/16/STtbar16/outSTtbar.root
numberofnp:36530982  numberofnm:0
 0 1 1 outSTtbar.root scalef 0.00221593 0 36530982
 0 0 1 outSTtbar.root scalef 0.00221593 100000 36530982
 0 1 1 outSTtbar.root scalef 0.00221593 200000 36530982
 0 0 1 outSTtbar.root scalef 0.00221593 300000 36530982
 0 0 1 outSTtbar.root scalef 0.00221593 400000 36530982
 0 0 1 outSTtbar.root scalef 0.00221593 500000 36530982
 0 0 1 outSTtbar.root scalef 0.00221593 600000 36530982
 0 0 1 outSTtbar.root scalef 0.00221593 700000 36530982
 0 0 1 outSTtbar.root scalef 0.00221593 800000 36530982
 0 0 1 outSTtbar.root scalef 0.00221593 900000 36530982
 0 0 1 outSTtbar.root scalef 0.00221593 1000000 36530982
 0 0 1 outSTtbar.root scalef 0.00221593 1100000 36530982
 0 0 1 outSTtbar.root scalef 0.00221593 1200000 36530982
 0 0 1 outSTtbar.root scalef 0.00221593 1300000 36530982
 0 0 1 outSTtbar.root scalef 0.00221593 1400000 36530982
 0 0 1 outSTtbar.root scalef 0.00221593 1500000 36530982
 0 0 1 outSTtbar.root scalef 0.00221593 1600000 36530982
 0 0 1 outSTtbar.root scalef 0.00221593 1700000 36530982
 0 1 1 outSTtbar.root scalef 0.00221593 1800000 36530982
 0 1 1 outSTtbar.root scalef 0.00221593 1900000 36530982
 0 0 1 outSTtbar.root scalef 0.00221593 2000000 36530982
 0 0 1 outSTtbar.root scalef 0.00221593 2100000 36530982
 0 1 1 outSTtbar.root scalef 0.00221593 2200000 36530982
 0 0 1 outSTtbar.root scalef 0.00221593 2300000 36530982
 0 0 1 outSTtbar.root scalef 0.00221593 2400000 36530982
 0 0 1 outSTtbar.root scalef 0.00221593 2500000 36530982
 0 0 1 outSTtbar.root scalef 0.00221593 2600000 36530982
 0 0 1 outSTtbar.root scalef 0.00221593 2700000 36530982
 0 0 1 outSTtbar.root scalef 0.00221593 2800000 36530982
 0 1 1 outSTtbar.root scalef 0.00221593 2900000 36530982
 0 0 1 outSTtbar.root scalef 0.00221593 3000000 36530982
 0 0 1 outSTtbar.root scalef 0.00221593 3100000 36530982
 0 0 1 outSTtbar.root scalef 0.00221593 3200000 36530982
 0 0 1 outSTtbar.root scalef 0.00221593 3300000 36530982
 0 0 1 outSTtbar.root scalef 0.00221593 3400000 36530982
 0 0 1 outSTtbar.root scalef 0.00221593 3500000 36530982
 0 1 1 outSTtbar.root scalef 0.00221593 3600000 36530982
 0 0 1 outSTtbar.root scalef 0.00221593 3700000 36530982
 0 0 1 outSTtbar.root scalef 0.00221593 3800000 36530982
 0 0 1 outSTtbar.root scalef 0.00221593 3900000 36530982
 0 0 1 outSTtbar.root scalef 0.00221593 4000000 36530982
 0 0 1 outSTtbar.root scalef 0.00221593 4100000 36530982
 0 0 1 outSTtbar.root scalef 0.00221593 4200000 36530982
 0 1 1 outSTtbar.root scalef 0.00221593 4300000 36530982
 0 1 1 outSTtbar.root scalef 0.00221593 4400000 36530982
 0 0 1 outSTtbar.root scalef 0.00221593 4500000 36530982
 0 0 1 outSTtbar.root scalef 0.00221593 4600000 36530982
 0 0 1 outSTtbar.root scalef 0.00221593 4700000 36530982
 0 0 1 outSTtbar.root scalef 0.00221593 4800000 36530982
 0 0 1 outSTtbar.root scalef 0.00221593 4900000 36530982
 0 0 1 outSTtbar.root scalef 0.00221593 5000000 36530982
 0 0 1 outSTtbar.root scalef 0.00221593 5100000 36530982
 0 0 1 outSTtbar.root scalef 0.00221593 5200000 36530982
 0 0 1 outSTtbar.root scalef 0.00221593 5300000 36530982
 0 0 1 outSTtbar.root scalef 0.00221593 5400000 36530982
 0 1 1 outSTtbar.root scalef 0.00221593 5500000 36530982
 0 0 1 outSTtbar.root scalef 0.00221593 5600000 36530982
 0 1 1 outSTtbar.root scalef 0.00221593 5700000 36530982
 0 0 1 outSTtbar.root scalef 0.00221593 5800000 36530982
 0 0 1 outSTtbar.root scalef 0.00221593 5900000 36530982
 0 0 1 outSTtbar.root scalef 0.00221593 6000000 36530982
 0 0 1 outSTtbar.root scalef 0.00221593 6100000 36530982
 0 0 1 outSTtbar.root scalef 0.00221593 6200000 36530982
 0 0 1 outSTtbar.root scalef 0.00221593 6300000 36530982
 0 0 1 outSTtbar.root scalef 0.00221593 6400000 36530982
 0 0 1 outSTtbar.root scalef 0.00221593 6500000 36530982
 0 0 1 outSTtbar.root scalef 0.00221593 6600000 36530982
 0 0 1 outSTtbar.root scalef 0.00221593 6700000 36530982
 0 0 1 outSTtbar.root scalef 0.00221593 6800000 36530982
 0 0 1 outSTtbar.root scalef 0.00221593 6900000 36530982
 0 0 1 outSTtbar.root scalef 0.00221593 7000000 36530982
 0 0 1 outSTtbar.root scalef 0.00221593 7100000 36530982
 0 0 1 outSTtbar.root scalef 0.00221593 7200000 36530982
 0 0 1 outSTtbar.root scalef 0.00221593 7300000 36530982
 0 1 1 outSTtbar.root scalef 0.00221593 7400000 36530982
 0 0 1 outSTtbar.root scalef 0.00221593 7500000 36530982
 0 0 1 outSTtbar.root scalef 0.00221593 7600000 36530982
 0 1 1 outSTtbar.root scalef 0.00221593 7700000 36530982
 0 0 1 outSTtbar.root scalef 0.00221593 7800000 36530982
 0 1 1 outSTtbar.root scalef 0.00221593 7900000 36530982
 0 0 1 outSTtbar.root scalef 0.00221593 8000000 36530982
 0 1 1 outSTtbar.root scalef 0.00221593 8100000 36530982
 0 0 1 outSTtbar.root scalef 0.00221593 8200000 36530982
 0 0 1 outSTtbar.root scalef 0.00221593 8300000 36530982
 0 0 1 outSTtbar.root scalef 0.00221593 8400000 36530982
 0 1 1 outSTtbar.root scalef 0.00221593 8500000 36530982
 0 0 1 outSTtbar.root scalef 0.00221593 8600000 36530982
 0 0 1 outSTtbar.root scalef 0.00221593 8700000 36530982
 0 0 1 outSTtbar.root scalef 0.00221593 8800000 36530982
 0 0 1 outSTtbar.root scalef 0.00221593 8900000 36530982
 0 0 1 outSTtbar.root scalef 0.00221593 9000000 36530982
 0 0 1 outSTtbar.root scalef 0.00221593 9100000 36530982
 0 0 1 outSTtbar.root scalef 0.00221593 9200000 36530982
 0 0 1 outSTtbar.root scalef 0.00221593 9300000 36530982
 0 0 1 outSTtbar.root scalef 0.00221593 9400000 36530982
 0 0 1 outSTtbar.root scalef 0.00221593 9500000 36530982
 0 0 1 outSTtbar.root scalef 0.00221593 9600000 36530982
 0 1 1 outSTtbar.root scalef 0.00221593 9700000 36530982
 0 0 1 outSTtbar.root scalef 0.00221593 9800000 36530982
 0 0 1 outSTtbar.root scalef 0.00221593 9900000 36530982
 0 0 1 outSTtbar.root scalef 0.00221593 10000000 36530982
 0 0 1 outSTtbar.root scalef 0.00221593 10100000 36530982
 0 0 1 outSTtbar.root scalef 0.00221593 10200000 36530982
 0 0 1 outSTtbar.root scalef 0.00221593 10300000 36530982
 0 0 1 outSTtbar.root scalef 0.00221593 10400000 36530982
 0 0 1 outSTtbar.root scalef 0.00221593 10500000 36530982
 0 0 1 outSTtbar.root scalef 0.00221593 10600000 36530982
 0 0 1 outSTtbar.root scalef 0.00221593 10700000 36530982
 0 0 1 outSTtbar.root scalef 0.00221593 10800000 36530982
 0 0 1 outSTtbar.root scalef 0.00221593 10900000 36530982
 0 0 1 outSTtbar.root scalef 0.00221593 11000000 36530982
 0 0 1 outSTtbar.root scalef 0.00221593 11100000 36530982
 0 0 1 outSTtbar.root scalef 0.00221593 11200000 36530982
 0 0 1 outSTtbar.root scalef 0.00221593 11300000 36530982
 0 0 1 outSTtbar.root scalef 0.00221593 11400000 36530982
 0 0 1 outSTtbar.root scalef 0.00221593 11500000 36530982
 0 0 1 outSTtbar.root scalef 0.00221593 11600000 36530982
 0 0 1 outSTtbar.root scalef 0.00221593 11700000 36530982
 0 0 1 outSTtbar.root scalef 0.00221593 11800000 36530982
 0 0 1 outSTtbar.root scalef 0.00221593 11900000 36530982
 0 0 1 outSTtbar.root scalef 0.00221593 12000000 36530982
 0 0 1 outSTtbar.root scalef 0.00221593 12100000 36530982
 0 0 1 outSTtbar.root scalef 0.00221593 12200000 36530982
 0 0 1 outSTtbar.root scalef 0.00221593 12300000 36530982
 0 0 1 outSTtbar.root scalef 0.00221593 12400000 36530982
 0 0 1 outSTtbar.root scalef 0.00221593 12500000 36530982
 0 0 1 outSTtbar.root scalef 0.00221593 12600000 36530982
 0 0 1 outSTtbar.root scalef 0.00221593 12700000 36530982
 0 0 1 outSTtbar.root scalef 0.00221593 12800000 36530982
 0 0 1 outSTtbar.root scalef 0.00221593 12900000 36530982
 0 1 1 outSTtbar.root scalef 0.00221593 13000000 36530982
 0 0 1 outSTtbar.root scalef 0.00221593 13100000 36530982
 0 0 1 outSTtbar.root scalef 0.00221593 13200000 36530982
 0 0 1 outSTtbar.root scalef 0.00221593 13300000 36530982
 0 0 1 outSTtbar.root scalef 0.00221593 13400000 36530982
 0 0 1 outSTtbar.root scalef 0.00221593 13500000 36530982
 0 0 1 outSTtbar.root scalef 0.00221593 13600000 36530982
 0 0 1 outSTtbar.root scalef 0.00221593 13700000 36530982
 0 0 1 outSTtbar.root scalef 0.00221593 13800000 36530982
 0 0 1 outSTtbar.root scalef 0.00221593 13900000 36530982
 0 0 1 outSTtbar.root scalef 0.00221593 14000000 36530982
 0 1 1 outSTtbar.root scalef 0.00221593 14100000 36530982
 0 0 1 outSTtbar.root scalef 0.00221593 14200000 36530982
 0 0 1 outSTtbar.root scalef 0.00221593 14300000 36530982
 0 0 1 outSTtbar.root scalef 0.00221593 14400000 36530982
 0 1 1 outSTtbar.root scalef 0.00221593 14500000 36530982
 0 0 1 outSTtbar.root scalef 0.00221593 14600000 36530982
 0 0 1 outSTtbar.root scalef 0.00221593 14700000 36530982
 0 0 1 outSTtbar.root scalef 0.00221593 14800000 36530982
 0 0 1 outSTtbar.root scalef 0.00221593 14900000 36530982
 0 0 1 outSTtbar.root scalef 0.00221593 15000000 36530982
 0 0 1 outSTtbar.root scalef 0.00221593 15100000 36530982
 0 1 1 outSTtbar.root scalef 0.00221593 15200000 36530982
 0 0 1 outSTtbar.root scalef 0.00221593 15300000 36530982
 0 0 1 outSTtbar.root scalef 0.00221593 15400000 36530982
 0 0 1 outSTtbar.root scalef 0.00221593 15500000 36530982
 0 0 1 outSTtbar.root scalef 0.00221593 15600000 36530982
 0 0 1 outSTtbar.root scalef 0.00221593 15700000 36530982
 0 0 1 outSTtbar.root scalef 0.00221593 15800000 36530982
 0 0 1 outSTtbar.root scalef 0.00221593 15900000 36530982
 0 0 1 outSTtbar.root scalef 0.00221593 16000000 36530982
 0 0 1 outSTtbar.root scalef 0.00221593 16100000 36530982
 0 0 1 outSTtbar.root scalef 0.00221593 16200000 36530982
 0 0 1 outSTtbar.root scalef 0.00221593 16300000 36530982
 0 0 1 outSTtbar.root scalef 0.00221593 16400000 36530982
 0 0 1 outSTtbar.root scalef 0.00221593 16500000 36530982
 0 0 1 outSTtbar.root scalef 0.00221593 16600000 36530982
 0 0 1 outSTtbar.root scalef 0.00221593 16700000 36530982
 0 1 1 outSTtbar.root scalef 0.00221593 16800000 36530982
 0 0 1 outSTtbar.root scalef 0.00221593 16900000 36530982
 0 0 1 outSTtbar.root scalef 0.00221593 17000000 36530982
 0 0 1 outSTtbar.root scalef 0.00221593 17100000 36530982
 0 0 1 outSTtbar.root scalef 0.00221593 17200000 36530982
 0 1 1 outSTtbar.root scalef 0.00221593 17300000 36530982
 0 0 1 outSTtbar.root scalef 0.00221593 17400000 36530982
 0 0 1 outSTtbar.root scalef 0.00221593 17500000 36530982
 0 0 1 outSTtbar.root scalef 0.00221593 17600000 36530982
 0 0 1 outSTtbar.root scalef 0.00221593 17700000 36530982
 0 0 1 outSTtbar.root scalef 0.00221593 17800000 36530982
 0 1 1 outSTtbar.root scalef 0.00221593 17900000 36530982
 0 0 1 outSTtbar.root scalef 0.00221593 18000000 36530982
 0 0 1 outSTtbar.root scalef 0.00221593 18100000 36530982
 0 0 1 outSTtbar.root scalef 0.00221593 18200000 36530982
 0 1 1 outSTtbar.root scalef 0.00221593 18300000 36530982
 0 1 1 outSTtbar.root scalef 0.00221593 18400000 36530982
 0 0 1 outSTtbar.root scalef 0.00221593 18500000 36530982
 0 0 1 outSTtbar.root scalef 0.00221593 18600000 36530982
 0 1 1 outSTtbar.root scalef 0.00221593 18700000 36530982
 0 0 1 outSTtbar.root scalef 0.00221593 18800000 36530982
 0 0 1 outSTtbar.root scalef 0.00221593 18900000 36530982
 0 1 1 outSTtbar.root scalef 0.00221593 19000000 36530982
 0 0 1 outSTtbar.root scalef 0.00221593 19100000 36530982
 0 0 1 outSTtbar.root scalef 0.00221593 19200000 36530982
 0 0 1 outSTtbar.root scalef 0.00221593 19300000 36530982
 0 0 1 outSTtbar.root scalef 0.00221593 19400000 36530982
 0 0 1 outSTtbar.root scalef 0.00221593 19500000 36530982
 0 0 1 outSTtbar.root scalef 0.00221593 19600000 36530982
 0 0 1 outSTtbar.root scalef 0.00221593 19700000 36530982
 0 0 1 outSTtbar.root scalef 0.00221593 19800000 36530982
 0 0 1 outSTtbar.root scalef 0.00221593 19900000 36530982
 0 0 1 outSTtbar.root scalef 0.00221593 20000000 36530982
 0 0 1 outSTtbar.root scalef 0.00221593 20100000 36530982
 0 0 1 outSTtbar.root scalef 0.00221593 20200000 36530982
 0 0 1 outSTtbar.root scalef 0.00221593 20300000 36530982
 0 0 1 outSTtbar.root scalef 0.00221593 20400000 36530982
 0 0 1 outSTtbar.root scalef 0.00221593 20500000 36530982
 0 0 1 outSTtbar.root scalef 0.00221593 20600000 36530982
 0 0 1 outSTtbar.root scalef 0.00221593 20700000 36530982
 0 0 1 outSTtbar.root scalef 0.00221593 20800000 36530982
 0 0 1 outSTtbar.root scalef 0.00221593 20900000 36530982
 0 0 1 outSTtbar.root scalef 0.00221593 21000000 36530982
 0 0 1 outSTtbar.root scalef 0.00221593 21100000 36530982
 0 0 1 outSTtbar.root scalef 0.00221593 21200000 36530982
 0 0 1 outSTtbar.root scalef 0.00221593 21300000 36530982
 0 0 1 outSTtbar.root scalef 0.00221593 21400000 36530982
 0 0 1 outSTtbar.root scalef 0.00221593 21500000 36530982
 0 0 1 outSTtbar.root scalef 0.00221593 21600000 36530982
 0 0 1 outSTtbar.root scalef 0.00221593 21700000 36530982
 0 0 1 outSTtbar.root scalef 0.00221593 21800000 36530982
 0 0 1 outSTtbar.root scalef 0.00221593 21900000 36530982
 0 0 1 outSTtbar.root scalef 0.00221593 22000000 36530982
 0 0 1 outSTtbar.root scalef 0.00221593 22100000 36530982
 0 0 1 outSTtbar.root scalef 0.00221593 22200000 36530982
 0 0 1 outSTtbar.root scalef 0.00221593 22300000 36530982
 0 0 1 outSTtbar.root scalef 0.00221593 22400000 36530982
 0 1 1 outSTtbar.root scalef 0.00221593 22500000 36530982
 0 0 1 outSTtbar.root scalef 0.00221593 22600000 36530982
 0 0 1 outSTtbar.root scalef 0.00221593 22700000 36530982
 0 0 1 outSTtbar.root scalef 0.00221593 22800000 36530982
 0 1 1 outSTtbar.root scalef 0.00221593 22900000 36530982
 0 0 1 outSTtbar.root scalef 0.00221593 23000000 36530982
 0 0 1 outSTtbar.root scalef 0.00221593 23100000 36530982
 0 0 1 outSTtbar.root scalef 0.00221593 23200000 36530982
 0 0 1 outSTtbar.root scalef 0.00221593 23300000 36530982
 0 0 1 outSTtbar.root scalef 0.00221593 23400000 36530982
 0 1 1 outSTtbar.root scalef 0.00221593 23500000 36530982
 0 0 1 outSTtbar.root scalef 0.00221593 23600000 36530982
 0 0 1 outSTtbar.root scalef 0.00221593 23700000 36530982
 0 0 1 outSTtbar.root scalef 0.00221593 23800000 36530982
 0 0 1 outSTtbar.root scalef 0.00221593 23900000 36530982
 0 0 1 outSTtbar.root scalef 0.00221593 24000000 36530982
 0 0 1 outSTtbar.root scalef 0.00221593 24100000 36530982
 0 0 1 outSTtbar.root scalef 0.00221593 24200000 36530982
 0 0 1 outSTtbar.root scalef 0.00221593 24300000 36530982
 0 0 1 outSTtbar.root scalef 0.00221593 24400000 36530982
 0 0 1 outSTtbar.root scalef 0.00221593 24500000 36530982
 0 0 1 outSTtbar.root scalef 0.00221593 24600000 36530982
 0 0 1 outSTtbar.root scalef 0.00221593 24700000 36530982
 0 0 1 outSTtbar.root scalef 0.00221593 24800000 36530982
 0 0 1 outSTtbar.root scalef 0.00221593 24900000 36530982
 0 0 1 outSTtbar.root scalef 0.00221593 25000000 36530982
 0 0 1 outSTtbar.root scalef 0.00221593 25100000 36530982
 0 0 1 outSTtbar.root scalef 0.00221593 25200000 36530982
 0 1 1 outSTtbar.root scalef 0.00221593 25300000 36530982
 0 0 1 outSTtbar.root scalef 0.00221593 25400000 36530982
 0 0 1 outSTtbar.root scalef 0.00221593 25500000 36530982
 0 0 1 outSTtbar.root scalef 0.00221593 25600000 36530982
 0 0 1 outSTtbar.root scalef 0.00221593 25700000 36530982
 0 0 1 outSTtbar.root scalef 0.00221593 25800000 36530982
 0 0 1 outSTtbar.root scalef 0.00221593 25900000 36530982
 0 0 1 outSTtbar.root scalef 0.00221593 26000000 36530982
 0 0 1 outSTtbar.root scalef 0.00221593 26100000 36530982
 0 0 1 outSTtbar.root scalef 0.00221593 26200000 36530982
 0 0 1 outSTtbar.root scalef 0.00221593 26300000 36530982
 0 0 1 outSTtbar.root scalef 0.00221593 26400000 36530982
 0 0 1 outSTtbar.root scalef 0.00221593 26500000 36530982
 0 0 1 outSTtbar.root scalef 0.00221593 26600000 36530982
 0 0 1 outSTtbar.root scalef 0.00221593 26700000 36530982
 0 0 1 outSTtbar.root scalef 0.00221593 26800000 36530982
 0 1 1 outSTtbar.root scalef 0.00221593 26900000 36530982
 0 0 1 outSTtbar.root scalef 0.00221593 27000000 36530982
 0 0 1 outSTtbar.root scalef 0.00221593 27100000 36530982
 0 0 1 outSTtbar.root scalef 0.00221593 27200000 36530982
 0 0 1 outSTtbar.root scalef 0.00221593 27300000 36530982
 0 0 1 outSTtbar.root scalef 0.00221593 27400000 36530982
 0 0 1 outSTtbar.root scalef 0.00221593 27500000 36530982
 0 0 1 outSTtbar.root scalef 0.00221593 27600000 36530982
 0 0 1 outSTtbar.root scalef 0.00221593 27700000 36530982
 0 0 1 outSTtbar.root scalef 0.00221593 27800000 36530982
 0 0 1 outSTtbar.root scalef 0.00221593 27900000 36530982
 0 0 1 outSTtbar.root scalef 0.00221593 28000000 36530982
 0 0 1 outSTtbar.root scalef 0.00221593 28100000 36530982
 0 0 1 outSTtbar.root scalef 0.00221593 28200000 36530982
 0 0 1 outSTtbar.root scalef 0.00221593 28300000 36530982
 0 0 1 outSTtbar.root scalef 0.00221593 28400000 36530982
 0 0 1 outSTtbar.root scalef 0.00221593 28500000 36530982
 0 0 1 outSTtbar.root scalef 0.00221593 28600000 36530982
 0 0 1 outSTtbar.root scalef 0.00221593 28700000 36530982
 0 0 1 outSTtbar.root scalef 0.00221593 28800000 36530982
 0 0 1 outSTtbar.root scalef 0.00221593 28900000 36530982
 0 0 1 outSTtbar.root scalef 0.00221593 29000000 36530982
 0 0 1 outSTtbar.root scalef 0.00221593 29100000 36530982
 0 0 1 outSTtbar.root scalef 0.00221593 29200000 36530982
 0 0 1 outSTtbar.root scalef 0.00221593 29300000 36530982
 0 0 1 outSTtbar.root scalef 0.00221593 29400000 36530982
 0 1 1 outSTtbar.root scalef 0.00221593 29500000 36530982
 0 0 1 outSTtbar.root scalef 0.00221593 29600000 36530982
 0 0 1 outSTtbar.root scalef 0.00221593 29700000 36530982
 0 0 1 outSTtbar.root scalef 0.00221593 29800000 36530982
 0 0 1 outSTtbar.root scalef 0.00221593 29900000 36530982
 0 0 1 outSTtbar.root scalef 0.00221593 30000000 36530982
 0 0 1 outSTtbar.root scalef 0.00221593 30100000 36530982
 0 0 1 outSTtbar.root scalef 0.00221593 30200000 36530982
 0 0 1 outSTtbar.root scalef 0.00221593 30300000 36530982
 0 1 1 outSTtbar.root scalef 0.00221593 30400000 36530982
 0 0 1 outSTtbar.root scalef 0.00221593 30500000 36530982
 0 1 1 outSTtbar.root scalef 0.00221593 30600000 36530982
 0 0 1 outSTtbar.root scalef 0.00221593 30700000 36530982
 0 0 1 outSTtbar.root scalef 0.00221593 30800000 36530982
 0 0 1 outSTtbar.root scalef 0.00221593 30900000 36530982
 0 0 1 outSTtbar.root scalef 0.00221593 31000000 36530982
 0 0 1 outSTtbar.root scalef 0.00221593 31100000 36530982
 0 0 1 outSTtbar.root scalef 0.00221593 31200000 36530982
 0 0 1 outSTtbar.root scalef 0.00221593 31300000 36530982
 0 0 1 outSTtbar.root scalef 0.00221593 31400000 36530982
 0 0 1 outSTtbar.root scalef 0.00221593 31500000 36530982
 0 0 1 outSTtbar.root scalef 0.00221593 31600000 36530982
 0 0 1 outSTtbar.root scalef 0.00221593 31700000 36530982
 0 0 1 outSTtbar.root scalef 0.00221593 31800000 36530982
 0 0 1 outSTtbar.root scalef 0.00221593 31900000 36530982
 0 0 1 outSTtbar.root scalef 0.00221593 32000000 36530982
 0 0 1 outSTtbar.root scalef 0.00221593 32100000 36530982
 0 0 1 outSTtbar.root scalef 0.00221593 32200000 36530982
 0 1 1 outSTtbar.root scalef 0.00221593 32300000 36530982
 0 0 1 outSTtbar.root scalef 0.00221593 32400000 36530982
 0 0 1 outSTtbar.root scalef 0.00221593 32500000 36530982
 0 0 1 outSTtbar.root scalef 0.00221593 32600000 36530982
 0 0 1 outSTtbar.root scalef 0.00221593 32700000 36530982
 0 1 1 outSTtbar.root scalef 0.00221593 32800000 36530982
 0 0 1 outSTtbar.root scalef 0.00221593 32900000 36530982
 0 0 1 outSTtbar.root scalef 0.00221593 33000000 36530982
 0 0 1 outSTtbar.root scalef 0.00221593 33100000 36530982
 0 0 1 outSTtbar.root scalef 0.00221593 33200000 36530982
 0 0 1 outSTtbar.root scalef 0.00221593 33300000 36530982
 0 0 1 outSTtbar.root scalef 0.00221593 33400000 36530982
 0 0 1 outSTtbar.root scalef 0.00221593 33500000 36530982
 0 0 1 outSTtbar.root scalef 0.00221593 33600000 36530982
 0 0 1 outSTtbar.root scalef 0.00221593 33700000 36530982
 0 0 1 outSTtbar.root scalef 0.00221593 33800000 36530982
 0 0 1 outSTtbar.root scalef 0.00221593 33900000 36530982
 0 0 1 outSTtbar.root scalef 0.00221593 34000000 36530982
 0 0 1 outSTtbar.root scalef 0.00221593 34100000 36530982
 0 1 1 outSTtbar.root scalef 0.00221593 34200000 36530982
 0 0 1 outSTtbar.root scalef 0.00221593 34300000 36530982
 0 0 1 outSTtbar.root scalef 0.00221593 34400000 36530982
 0 0 1 outSTtbar.root scalef 0.00221593 34500000 36530982
 0 0 1 outSTtbar.root scalef 0.00221593 34600000 36530982
 0 0 1 outSTtbar.root scalef 0.00221593 34700000 36530982
 0 1 1 outSTtbar.root scalef 0.00221593 34800000 36530982
 0 0 1 outSTtbar.root scalef 0.00221593 34900000 36530982
 0 0 1 outSTtbar.root scalef 0.00221593 35000000 36530982
 0 0 1 outSTtbar.root scalef 0.00221593 35100000 36530982
 0 0 1 outSTtbar.root scalef 0.00221593 35200000 36530982
 0 0 1 outSTtbar.root scalef 0.00221593 35300000 36530982
 0 0 1 outSTtbar.root scalef 0.00221593 35400000 36530982
 0 0 1 outSTtbar.root scalef 0.00221593 35500000 36530982
 0 0 1 outSTtbar.root scalef 0.00221593 35600000 36530982
 0 0 1 outSTtbar.root scalef 0.00221593 35700000 36530982
 0 0 1 outSTtbar.root scalef 0.00221593 35800000 36530982
 0 0 1 outSTtbar.root scalef 0.00221593 35900000 36530982
 0 0 1 outSTtbar.root scalef 0.00221593 36000000 36530982
 0 0 1 outSTtbar.root scalef 0.00221593 36100000 36530982
 0 0 1 outSTtbar.root scalef 0.00221593 36200000 36530982
 0 0 1 outSTtbar.root scalef 0.00221593 36300000 36530982
 0 0 1 outSTtbar.root scalef 0.00221593 36400000 36530982
 0 0 1 outSTtbar.root scalef 0.00221593 36500000 36530982
Submitting job(s).
1 job(s) submitted to cluster 142053.
Submitting job(s).
1 job(s) submitted to cluster 143868.
