pt range	chiso range	DataNumber	FakeNumber	TrueNumber	fitFake_number	fitTrue_number	closureFake_test	closureTrue_test
#######################################################################################
20 <pt<25 	3<chiso range<8 	196.726	83.0892	57.9578	67.9989	72.4078	3.15086	1.13116
20 <pt<25 	3<chiso range<9 	196.726	83.0892	57.9578	68.4735	71.9283	3.03095	1.09274
20 <pt<25 	3<chiso range<10 	196.726	83.0892	57.9578	66.3075	74.127	3.59464	1.27141
20 <pt<25 	3<chiso range<11 	196.726	83.0892	57.9578	67.3077	73.1198	3.33015	1.18962
20 <pt<25 	3<chiso range<12 	196.726	83.0892	57.9578	67.3129	73.108	3.32842	1.18837
20 <pt<25 	3<chiso range<13 	196.726	83.0892	57.9578	66.2875	74.1265	3.59853	1.27025
20 <pt<25 	4<chiso range<9 	196.726	83.0892	57.9578	69.6639	70.7452	2.73737	0.998259
20 <pt<25 	4<chiso range<10 	196.726	83.0892	57.9578	66.8372	73.6604	3.45515	1.23471
20 <pt<25 	4<chiso range<11 	196.726	83.0892	57.9578	67.9824	72.4917	3.15734	1.13973
20 <pt<25 	4<chiso range<12 	196.726	83.0892	57.9578	67.9307	72.5202	3.16992	1.14154
20 <pt<25 	4<chiso range<13 	196.726	83.0892	57.9578	66.702	73.7161	3.48849	1.23733
20 <pt<25 	5<chiso range<10 	196.726	83.0892	57.9578	61.6032	79.0428	4.95769	1.67794
20 <pt<25 	5<chiso range<11 	196.726	83.0892	57.9578	63.6617	76.9213	4.33698	1.50194
20 <pt<25 	5<chiso range<12 	196.726	83.0892	57.9578	64.0765	76.4476	4.2155	1.46193
20 <pt<25 	5<chiso range<13 	196.726	83.0892	57.9578	62.9214	77.5243	4.55097	1.54851
20 <pt<25 	6<chiso range<11 	196.726	83.0892	57.9578	67.5558	72.9026	3.26647	1.17259
20 <pt<25 	6<chiso range<12 	196.726	83.0892	57.9578	67.5337	72.9009	3.27135	1.1718
20 <pt<25 	6<chiso range<13 	196.726	83.0892	57.9578	65.7748	74.6486	3.73677	1.31236
20 <pt<25 	7<chiso range<12 	196.726	83.0892	57.9578	68.3358	72.1549	3.06734	1.11235
20 <pt<25 	7<chiso range<13 	196.726	83.0892	57.9578	66.0744	74.353	3.65572	1.28851
20 <pt<25 	8<chiso range<13 	196.726	83.0892	57.9578	63.5041	76.9287	4.37818	1.49898
#######################################################################################
25 <pt<30 	3<chiso range<8 	115.234	42.6868	37.5507	34.4426	45.9798	2.21749	0.877087
25 <pt<30 	3<chiso range<9 	115.234	42.6868	37.5507	35.1248	45.0599	1.99154	0.776052
25 <pt<30 	3<chiso range<10 	115.234	42.6868	37.5507	36.0366	44.0898	1.7066	0.672412
25 <pt<30 	3<chiso range<11 	115.234	42.6868	37.5507	36.3813	43.7846	1.60338	0.64049
25 <pt<30 	3<chiso range<12 	115.234	42.6868	37.5507	35.6982	44.4094	1.81018	0.706146
25 <pt<30 	3<chiso range<13 	115.234	42.6868	37.5507	34.6815	45.3959	2.13348	0.810827
25 <pt<30 	4<chiso range<9 	115.234	42.6868	37.5507	35.0498	45.1042	2.01506	0.780417
25 <pt<30 	4<chiso range<10 	115.234	42.6868	37.5507	36.1854	43.9095	1.66128	0.653098
25 <pt<30 	4<chiso range<11 	115.234	42.6868	37.5507	36.5888	43.5509	1.54155	0.615599
25 <pt<30 	4<chiso range<12 	115.234	42.6868	37.5507	35.7506	44.3319	1.79363	0.697672
25 <pt<30 	4<chiso range<13 	115.234	42.6868	37.5507	34.547	45.5102	2.17734	0.822783
25 <pt<30 	5<chiso range<10 	115.234	42.6868	37.5507	33.4884	46.5415	2.53742	0.933145
25 <pt<30 	5<chiso range<11 	115.234	42.6868	37.5507	34.3761	45.6644	2.23378	0.839086
25 <pt<30 	5<chiso range<12 	115.234	42.6868	37.5507	33.6087	46.4222	2.49528	0.920283
25 <pt<30 	5<chiso range<13 	115.234	42.6868	37.5507	32.4111	47.6236	2.92811	1.05003
25 <pt<30 	6<chiso range<11 	115.234	42.6868	37.5507	36.6957	43.3403	1.50906	0.592647
25 <pt<30 	6<chiso range<12 	115.234	42.6868	37.5507	35.4455	44.5853	1.88781	0.724024
25 <pt<30 	6<chiso range<13 	115.234	42.6868	37.5507	33.7939	46.247	2.43108	0.901464
25 <pt<30 	7<chiso range<12 	115.234	42.6868	37.5507	37.8946	42.1627	1.16921	0.469661
25 <pt<30 	7<chiso range<13 	115.234	42.6868	37.5507	35.4829	44.5949	1.8764	0.72526
25 <pt<30 	8<chiso range<13 	115.234	42.6868	37.5507	34.8034	45.3572	2.09427	0.807121
#######################################################################################
30 <pt<35 	3<chiso range<8 	70.3079	21.2129	26.1236	12.6528	34.6161	4.06112	1.18547
30 <pt<35 	3<chiso range<9 	70.3079	21.2129	26.1236	12.8595	34.4432	3.8995	1.15995
30 <pt<35 	3<chiso range<10 	70.3079	21.2129	26.1236	12.9161	34.3656	3.85623	1.14853
30 <pt<35 	3<chiso range<11 	70.3079	21.2129	26.1236	12.8189	34.456	3.93097	1.16189
30 <pt<35 	3<chiso range<12 	70.3079	21.2129	26.1236	12.6461	34.6228	4.06649	1.18649
30 <pt<35 	3<chiso range<13 	70.3079	21.2129	26.1236	13.0493	34.2042	3.75621	1.12494
30 <pt<35 	4<chiso range<9 	70.3079	21.2129	26.1236	13.7774	33.4796	3.24128	1.01883
30 <pt<35 	4<chiso range<10 	70.3079	21.2129	26.1236	13.7438	33.4996	3.2642	1.02189
30 <pt<35 	4<chiso range<11 	70.3079	21.2129	26.1236	13.5422	33.6989	3.40196	1.05101
30 <pt<35 	4<chiso range<12 	70.3079	21.2129	26.1236	13.2742	33.9649	3.59164	1.08999
30 <pt<35 	4<chiso range<13 	70.3079	21.2129	26.1236	13.7029	33.5263	3.2926	1.0261
30 <pt<35 	5<chiso range<10 	70.3079	21.2129	26.1236	13.2913	33.9335	3.58063	1.0859
30 <pt<35 	5<chiso range<11 	70.3079	21.2129	26.1236	13.1042	34.1204	3.7173	1.11334
30 <pt<35 	5<chiso range<12 	70.3079	21.2129	26.1236	12.8318	34.3935	3.92337	1.15353
30 <pt<35 	5<chiso range<13 	70.3079	21.2129	26.1236	13.3639	33.8574	3.52964	1.07515
30 <pt<35 	6<chiso range<11 	70.3079	21.2129	26.1236	13.0173	34.2037	3.78445	1.12648
30 <pt<35 	6<chiso range<12 	70.3079	21.2129	26.1236	12.7056	34.5166	4.02404	1.1725
30 <pt<35 	6<chiso range<13 	70.3079	21.2129	26.1236	13.3355	33.8886	3.55223	1.08063
30 <pt<35 	7<chiso range<12 	70.3079	21.2129	26.1236	13.6897	33.5325	3.30247	1.02737
30 <pt<35 	7<chiso range<13 	70.3079	21.2129	26.1236	14.3887	32.8298	2.85221	0.925736
30 <pt<35 	8<chiso range<13 	70.3079	21.2129	26.1236	13.7424	33.49	3.26572	1.02072
#######################################################################################
35 <pt<50 	3<chiso range<8 	104.856	29.698	43.9554	19.6334	53.9715	3.34666	1.10569
35 <pt<50 	3<chiso range<9 	104.856	29.698	43.9554	19.4956	54.0981	3.41598	1.12034
35 <pt<50 	3<chiso range<10 	104.856	29.698	43.9554	19.271	54.323	3.53167	1.14663
35 <pt<50 	3<chiso range<11 	104.856	29.698	43.9554	18.6062	54.9821	3.89037	1.22391
35 <pt<50 	3<chiso range<12 	104.856	29.698	43.9554	18.0078	55.5826	4.23655	1.29489
35 <pt<50 	3<chiso range<13 	104.856	29.698	43.9554	18.0625	55.523	4.20362	1.28773
35 <pt<50 	4<chiso range<9 	104.856	29.698	43.9554	18.6006	54.9845	3.89396	1.22435
35 <pt<50 	4<chiso range<10 	104.856	29.698	43.9554	18.4536	55.1341	3.97679	1.24194
35 <pt<50 	4<chiso range<11 	104.856	29.698	43.9554	17.7605	55.823	4.38574	1.32318
35 <pt<50 	4<chiso range<12 	104.856	29.698	43.9554	17.1424	56.4179	4.77941	1.39468
35 <pt<50 	4<chiso range<13 	104.856	29.698	43.9554	17.2743	56.2735	4.69269	1.37749
35 <pt<50 	5<chiso range<10 	104.856	29.698	43.9554	19.1183	54.4992	3.61284	1.1676
35 <pt<50 	5<chiso range<11 	104.856	29.698	43.9554	18.1883	55.4133	4.12987	1.27489
35 <pt<50 	5<chiso range<12 	104.856	29.698	43.9554	17.4113	56.2037	4.60602	1.36886
35 <pt<50 	5<chiso range<13 	104.856	29.698	43.9554	17.5455	56.0516	4.51986	1.35045
35 <pt<50 	6<chiso range<11 	104.856	29.698	43.9554	16.5194	57.0604	5.20439	1.47053
35 <pt<50 	6<chiso range<12 	104.856	29.698	43.9554	15.8783	57.727	5.67875	1.5504
35 <pt<50 	6<chiso range<13 	104.856	29.698	43.9554	16.1926	57.3928	5.44112	1.51018
35 <pt<50 	7<chiso range<12 	104.856	29.698	43.9554	15.5104	58.0954	5.96797	1.59461
35 <pt<50 	7<chiso range<13 	104.856	29.698	43.9554	15.9277	57.6585	5.63954	1.54181
35 <pt<50 	8<chiso range<13 	104.856	29.698	43.9554	15.99	57.5902	5.59143	1.53343
#######################################################################################
50 <pt<60 	3<chiso range<8 	28.8882	6.20069	15.0757	4.17481	17.097	1.3679	0.425584
50 <pt<60 	3<chiso range<9 	28.8882	6.20069	15.0757	4.38582	16.8459	1.16681	0.370987
50 <pt<60 	3<chiso range<10 	28.8882	6.20069	15.0757	4.37147	16.8837	1.17963	0.378696
50 <pt<60 	3<chiso range<11 	28.8882	6.20069	15.0757	4.34924	16.8938	1.19986	0.380853
50 <pt<60 	3<chiso range<12 	28.8882	6.20069	15.0757	4.2393	16.9994	1.30377	0.403964
50 <pt<60 	3<chiso range<13 	28.8882	6.20069	15.0757	4.22512	17.0186	1.31755	0.408176
50 <pt<60 	4<chiso range<9 	28.8882	6.20069	15.0757	4.41202	16.8269	1.14332	0.366863
50 <pt<60 	4<chiso range<10 	28.8882	6.20069	15.0757	4.4045	16.8374	1.15015	0.369184
50 <pt<60 	4<chiso range<11 	28.8882	6.20069	15.0757	4.36402	16.8809	1.18629	0.37804
50 <pt<60 	4<chiso range<12 	28.8882	6.20069	15.0757	4.2308	17.0085	1.31202	0.405958
50 <pt<60 	4<chiso range<13 	28.8882	6.20069	15.0757	4.21469	17.0307	1.32776	0.410836
50 <pt<60 	5<chiso range<10 	28.8882	6.20069	15.0757	4.20648	17.0584	1.33624	0.417035
50 <pt<60 	5<chiso range<11 	28.8882	6.20069	15.0757	4.20287	17.0402	1.33937	0.412917
50 <pt<60 	5<chiso range<12 	28.8882	6.20069	15.0757	4.06023	17.1767	1.485	0.442977
50 <pt<60 	5<chiso range<13 	28.8882	6.20069	15.0757	4.06018	17.1838	1.48501	0.44454
50 <pt<60 	6<chiso range<11 	28.8882	6.20069	15.0757	4.35331	16.9119	1.1965	0.384923
50 <pt<60 	6<chiso range<12 	28.8882	6.20069	15.0757	4.17069	17.0801	1.37144	0.421713
50 <pt<60 	6<chiso range<13 	28.8882	6.20069	15.0757	4.15493	17.1056	1.38751	0.427386
50 <pt<60 	7<chiso range<12 	28.8882	6.20069	15.0757	4.08085	17.1489	1.46409	0.437013
50 <pt<60 	7<chiso range<13 	28.8882	6.20069	15.0757	4.08068	17.1539	1.46359	0.437964
50 <pt<60 	8<chiso range<13 	28.8882	6.20069	15.0757	2.6868	14.4716	0.809091	0.0496079
#######################################################################################
60 <pt<400 	3<chiso range<8 	52.4825	9.2684	33.9545	6.11284	25.7104	0.319357	0.381063
60 <pt<400 	3<chiso range<9 	52.4825	9.2684	33.9545	6.13015	25.7104	0.316709	0.381063
60 <pt<400 	3<chiso range<10 	52.4825	9.2684	33.9545	6.42053	36.797	1.28344	0.41591
60 <pt<400 	3<chiso range<11 	52.4825	9.2684	33.9545	6.0154	37.199	1.56406	0.477741
60 <pt<400 	3<chiso range<12 	52.4825	9.2684	33.9545	6.27681	36.9272	1.37809	0.435736
60 <pt<400 	3<chiso range<13 	52.4825	9.2684	33.9545	6.18159	37.0199	1.44362	0.449968
60 <pt<400 	4<chiso range<9 	52.4825	9.2684	33.9545	6.16793	25.7104	0.310979	0.381063
60 <pt<400 	4<chiso range<10 	52.4825	9.2684	33.9545	6.39914	36.8224	1.29764	0.419845
60 <pt<400 	4<chiso range<11 	52.4825	9.2684	33.9545	5.94147	37.2757	1.61965	0.48965
60 <pt<400 	4<chiso range<12 	52.4825	9.2684	33.9545	6.24328	36.9614	1.40102	0.440996
60 <pt<400 	4<chiso range<13 	52.4825	9.2684	33.9545	6.14073	37.061	1.47243	0.456299
60 <pt<400 	5<chiso range<10 	52.4825	9.2684	33.9545	6.91559	36.2412	0.984654	0.332474
60 <pt<400 	5<chiso range<11 	52.4825	9.2684	33.9545	6.27219	36.9425	1.38189	0.438196
60 <pt<400 	5<chiso range<12 	52.4825	9.2684	33.9545	6.59165	36.6099	1.17433	0.38719
60 <pt<400 	5<chiso range<13 	52.4825	9.2684	33.9545	6.43095	36.7681	1.27568	0.411313
60 <pt<400 	6<chiso range<11 	52.4825	9.2684	33.9545	5.95464	37.278	1.61097	0.490205
60 <pt<400 	6<chiso range<12 	52.4825	9.2684	33.9545	6.38465	36.8235	1.30631	0.419869
60 <pt<400 	6<chiso range<13 	52.4825	9.2684	33.9545	6.22646	36.9767	1.41252	0.443335
60 <pt<400 	7<chiso range<12 	52.4825	9.2684	33.9545	6.23584	36.9659	1.40598	0.441662
60 <pt<400 	7<chiso range<13 	52.4825	9.2684	33.9545	6.07496	37.1234	1.51943	0.465898
60 <pt<400 	8<chiso range<13 	52.4825	9.2684	33.9545	5.44859	37.6833	2.02503	0.554596
#######################################################################################
