fake17=[1.173,1.154,1.172,1.166,1.178,1.203,1.171]

interf17=[1.034,1.048,1.052,1.032,1.012,1.014,1.011]

QCD_pdf=[1.013,1.020,1.018,1.012,1.011,1.029,1.011]

QCD_scale=[1.136,1.193,1.193,1.106,1.088,1.109,1.097]

scale_muR1=[1.021,1.053,1.118,1.016,1.012,1.023,1.015]
scale_muF1=[1.113,1.138,1.070,1.106,1.088,1.109,1.097]
scale_muFmuR=[1.136,1.193,1.193,1.091,1.077,1.086,1.083]

QCD_scale_up=[1.023,1.058,1.130,0.982,0.991,0.977,0.983]

QCD_scale_down=[0.980,0.951,0.893,1.014,1.015,1.023,1.013]

jes17_ZA=[1.28,1.12,1.25,1.44,1.40,1.46,1.56]
jes17_ZA-EWK=[1.05,1.04,1.06,1.22,1.16,1.09,1.21]
jes17_TTA=[1.10,1.10,1.10,1.10,1.10,1.00,1.10]
jes17_VV=[1.55,1.55,1.55,1.55,1.55,1.55,1.55]
jes17_ST=[1.33,1.33,1.00,1.33,1.00,1.00,1.00]

jer17_ZA=[1.24,1.08,1.21,1.37,1.40,1.45,1.44]
jer17_ZA-EWK=[1.04,1.01,1.02,1.20,1.14,1.03,1.17]
jer17_TTA=[1.31,1.31,1.31,1.31,1.31,1.00,1.31]
jer17_VV=[1.42,1.42,1.42,1.42,1.42,1.42,1.42]
jer17_ST=[1.02,1.02,1.00,1.02,1.00,1.00,1.00]

l1pref_ZA=[1.010,1.015,1.027,1.004,1.007,1.043,1.004]
l1pref_ZA-EWK=[1.020,1.032,1.059,1.008,1.017,1.048,1.025]
l1pref_TTA=[1.020,1.053,1.212,1.013,1.021,1.000,1.022]
l1pref_VV=[1.005,1.000,1.000,1.006,1.013,1.000,1.010]
l1pref_ST=[1.013,1.000,1.000,1.000,1.000,1.000,1.000]

Sig_scale=[1.034,1.059,1.091,1.034,1.059,1.101,1.121]

Sig_pdf=[1.001,1.001,1.001,1.002,1.001,1.001,1.004]

ele_ZA_ID=[1.098,1.098,1.423,1.139,1.063,1.008,1.099]
ele_ZA-EWK_ID=[1.076,1.091,1.084,1.091,1.098,1.087,1.088]
ele_TTA_ID=[1.048,1.000,1.000,1.048,1.048,1.048,1.048]
ele_VV_ID=[1.042,1.000,1.042,1.042,1.042,1.000,1.042]
ele_ST_ID=[1.034,1.000,1.000,1.034,1.000,1.000,1.000]

ele_ZA_reco=[1.011,1.010,1.024,1.010,1.011,1.009,1.010]
ele_ZA-EWK_reco=[1.010,1.010,1.010,1.010,1.010,1.010,1.010]
ele_TTA_reco=[1.011,1.000,1.000,1.011,1.011,1.011,1.011]
ele_VV_reco=[1.008,1.000,1.008,1.008,1.008,1.000,1.008]
ele_ST_reco=[1.012,1.000,1.000,1.012,1.000,1.000,1.000]

muon_ZA_all=[1.013,1.012,1.015,1.012,1.013,1.010,1.013]
muon_ZA-EWK_all=[1.013,1.013,1.015,1.013,1.014,1.015,1.014]
muon_TTA_all=[1.012,1.012,1.012,1.012,1.012,1.000,1.012]
muon_VV_all=[1.015,1.015,1.000,1.015,1.015,1.000,1.015]
muon_ST_all=[1.019,1.019,1.000,1.000,1.000,1.000,1.000]

muon_ZA_trigger=[1.006,1.007,1.009,1.007,1.008,1.008,1.008]
muon_ZA-EWK_trigger=[1.006,1.006,1.006,1.007,1.007,1.006,1.007]
muon_TTA_trigger=[1.006,1.006,1.006,1.006,1.006,1.000,1.006]
muon_VV_trigger=[1.010,1.010,1.000,1.010,1.010,1.000,1.010]
muon_ST_trigger=[1.008,1.008,1.000,1.000,1.000,1.000,1.000]

photon_ZA_ID=[1.031,1.034,1.028,1.026,1.027,1.027,1.026]
photon_ZA-EWK_ID=[1.030,1.034,1.037,1.027,1.028,1.033,1.030]
photon_TTA_ID=[1.045,1.045,1.045,1.045,1.045,1.000,1.045]
photon_VV_ID=[1.026,1.026,1.026,1.026,1.026,1.000,1.026]
photon_ST_ID=[1.020,1.020,1.000,1.020,1.000,1.000,1.000]

pu_ZA=[1.010,1.035,1.047,1.006,1.002,1.061,1.051]
pu_ZA-EWK=[1.003,1.004,1.002,1.018,1.010,1.008,1.010]
pu_TTA=[1.054,1.184,1.045,1.013,1.025,1.000,1.044]
pu_VV=[1.016,1.016,1.016,1.016,1.016,1.000,1.016]
pu_ST=[1.021,1.021,1.000,1.021,1.000,1.000,1.000]

ZA_eff=[1.004,1.000,1.000,1.013,1.011,1.001,1.014]
ZA-EWK_eff=[1.001,1.000,1.000,1.014,1.006,1.001,1.012]
TTA_eff=[1.001,1.001,1.001,1.001,1.001,1.001,1.001]
VV_eff=[1.022,1.022,1.022,1.022,1.022,1.022,1.022]
ST_eff=[1.000,1.000,1.000,1.000,1.000,1.000,1.000]

ZA_mis=[1.031,1.008,1.008,1.108,1.037,1.023,1.125]
ZA-EWK_mis=[1.011,1.000,1.000,1.098,1.022,1.003,1.014]
TTA_mis=[1.013,1.013,1.013,1.013,1.013,1.013,1.013]
VV_mis=[1.070,1.070,1.070,1.070,1.070,1.070,1.070]
ST_mis=[1.000,1.000,1.000,1.000,1.000,1.000,1.000]

