fake16=[1.227,1.220,1.236,1.194,1.251,1.111,1.206]

interf16=[1.047,1.051,1.068,1.029,1.019,1.008,1.008]

QCD_pdf=[1.016,1.025,1.021,1.012,1.009,1.040,1.011]

QCD_scale=[1.150,1.181,1.243,1.110,1.123,1.146,1.097]

scale_band1=[1.042,1.050,1.104,1.005,1.007,1.043,1.003]
scale_band2=[1.106,1.128,1.136,1.110,1.115,1.101,1.097]
scale_band3=[1.150,1.181,1.243,1.106,1.123,1.146,1.095]

QCD_scale_up=[1.045,1.055,1.115,0.994,1.007,1.053,0.996]

QCD_scale_down=[0.962,0.954,0.906,1.003,0.994,0.968,1.001]

jes16_ZA=[1.09,1.05,1.06,1.21,1.20,1.24,1.25]
jes16_ZA-EWK=[1.01,1.03,1.04,1.04,1.02,1.04,1.03]
jes16_TTA=[1.04,1.04,1.04,1.04,1.04,1.04,1.04]
jes16_VV=[1.12,1.00,1.00,1.12,1.12,1.00,1.00]
jes16_ST=[1.53,1.00,1.00,1.00,1.00,1.00,1.00]

jer16_ZA=[1.07,1.04,1.03,1.20,1.09,1.16,1.23]
jer16_ZA-EWK=[1.01,1.01,1.01,1.02,1.00,1.00,1.01]
jer16_TTA=[1.09,1.09,1.09,1.09,1.09,1.09,1.09]
jer16_VV=[1.29,1.00,1.00,1.29,1.29,1.00,1.00]
jer16_ST=[1.00,1.00,1.00,1.00,1.00,1.00,1.00]

l1pref16=[1.018,1.025,1.042,1.010,1.020,1.033,1.021]

Sig_scale=[1.028,1.055,1.091,1.025,1.053,1.101,1.120]

Sig_pdf=[1.036,1.036,1.044,1.037,1.035,1.042,1.041]

ele_ID=[1.065]
ele_reco=[1.012]
muon_all=[1.024]
muon_trigger=[1.006]
photon_ID=[1.026]
ZA_eff=[1.006,1.008,1.036,1.001,1.021,1.068,1.033]
ZA-EWK_eff=[1.004,1.001,1.000,1.030,1.014,1.003,1.025]
TTA_eff=[1.001,1.001,1.001,1.001,1.001,1.001,1.001]
VV_eff=[1.006,1.006,1.006,1.006,1.006,1.006,1.006]
ST_eff=[1.000,1.000,1.000,1.000,1.000,1.000,1.000]

ZA_mis=[1.000,1.000,1.000,1.000,1.000,1.000,1.009]
ZA-EWK_mis=[1.000,1.000,1.000,1.003,1.001,1.000,1.001]
TTA_mis=[1.000,1.000,1.000,1.000,1.000,1.000,1.000]
VV_mis=[1.000,1.000,1.000,1.000,1.000,1.000,1.000]
ST_mis=[1.000,1.000,1.000,1.000,1.000,1.000,1.000]

