fake18=[1.299,1.362,1.167,1.288,1.359,1.311,1.259]

interf18=[1.043,1.034,1.058,1.053,1.014,1.020,1.014]

QCD_pdf=[1.013,1.020,1.018,1.012,1.011,1.029,1.011]

QCD_scale=[1.143,1.190,1.245,1.101,1.155,1.130,1.087]

scale_muR1=[1.029,1.052,1.077,1.009,1.038,1.025,1.002]
scale_muF1=[1.113,1.136,1.166,1.101,1.115,1.105,1.084]
scale_muFmuR=[1.143,1.190,1.245,1.093,1.155,1.130,1.087]

QCD_scale_up=[1.031,1.057,1.083,0.988,1.039,1.026,0.999]

QCD_scale_down=[0.973,0.953,0.930,1.006,0.963,0.977,0.995]

jes18_ZA=[1.10,1.11,1.13,1.25,1.26,1.25,1.54]
jes18_ZA-EWK=[1.01,1.03,1.06,1.04,1.02,1.05,1.04]
jes18_TTA=[1.19,1.19,1.19,1.19,1.19,1.19,1.19]
jes18_VV=[1.22,1.22,1.22,1.22,1.22,1.00,1.22]
jes18_ST=[1.54,1.00,1.00,1.00,1.00,1.00,1.00]

jer18_ZA=[1.07,1.05,1.11,1.28,1.24,1.15,1.37]
jer18_ZA-EWK=[1.00,1.00,1.00,1.01,1.01,1.00,1.01]
jer18_TTA=[1.14,1.14,1.14,1.14,1.14,1.14,1.14]
jer18_VV=[1.20,1.20,1.20,1.20,1.20,1.00,1.20]
jer18_ST=[1.25,1.00,1.00,1.00,1.00,1.00,1.00]

Sig_scale=[1.036,1.060,1.092,1.034,1.060,1.105,1.122]

Sig_pdf=[1.001,1.001,1.001,1.001,1.001,1.002,1.002]

ele_ZA_ID=[1.076,1.069,1.082,1.049,1.093,1.058,1.071]
ele_ZA-EWK_ID=[1.071,1.071,1.066,1.072,1.085,1.076,1.068]
ele_TTA_ID=[1.006,1.006,1.006,1.000,1.006,1.006,1.006]
ele_VV_ID=[1.020,1.000,1.020,1.020,1.020,1.000,1.020]
ele_ST_ID=[1.300,1.000,1.000,1.300,1.000,1.000,1.000]

ele_ZA_reco=[1.007,1.009,1.008,1.004,1.006,1.006,1.004]
ele_ZA-EWK_reco=[1.006,1.007,1.007,1.005,1.006,1.007,1.006]
ele_TTA_reco=[1.004,1.004,1.004,1.000,1.004,1.004,1.004]
ele_VV_reco=[1.005,1.000,1.005,1.005,1.005,1.000,1.005]
ele_ST_reco=[1.006,1.000,1.000,1.006,1.000,1.000,1.000]

muon_ZA_all=[1.003,1.003,1.003,1.003,1.003,1.004,1.003]
muon_ZA-EWK_all=[1.003,1.003,1.003,1.003,1.003,1.003,1.003]
muon_TTA_all=[1.003,1.003,1.003,1.003,1.003,1.003,1.003]
muon_VV_all=[1.004,1.004,1.000,1.004,1.000,1.000,1.004]
muon_ST_all=[1.001,1.000,1.000,1.000,1.000,1.000,1.000]

muon_ZA_trigger=[1.006,1.008,1.006,1.007,1.006,1.007,1.007]
muon_ZA-EWK_trigger=[1.007,1.006,1.006,1.007,1.007,1.006,1.007]
muon_TTA_trigger=[1.006,1.006,1.006,1.006,1.006,1.006,1.006]
muon_VV_trigger=[1.005,1.005,1.000,1.005,1.000,1.000,1.005]
muon_ST_trigger=[1.008,1.000,1.000,1.000,1.000,1.000,1.000]

photon_ZA_ID=[1.028,1.031,1.038,1.028,1.029,1.030,1.028]
photon_ZA-EWK_ID=[1.027,1.028,1.029,1.028,1.027,1.028,1.027]
photon_TTA_ID=[1.031,1.031,1.031,1.031,1.031,1.031,1.031]
photon_VV_ID=[1.026,1.026,1.026,1.026,1.026,1.000,1.026]
photon_ST_ID=[1.031,1.000,1.000,1.031,1.000,1.000,1.000]

pu_ZA=[1.072,1.081,1.132,1.133,1.117,1.103,1.159]
pu_ZA-EWK=[1.076,1.076,1.063,1.062,1.075,1.071,1.071]
pu_TTA=[1.153,1.202,1.037,1.331,1.037,1.089,1.073]
pu_VV=[1.085,1.085,1.085,1.085,1.085,1.000,1.085]
pu_ST=[1.045,1.000,1.000,1.045,1.000,1.000,1.000]

ZA_eff=[1.004,1.001,1.004,1.017,1.007,1.002,1.015]
ZA-EWK_eff=[1.002,1.000,1.000,1.012,1.004,1.002,1.013]
TTA_eff=[1.000,1.000,1.000,1.000,1.000,1.000,1.000]
VV_eff=[1.047,1.047,1.047,1.047,1.047,1.047,1.047]
ST_eff=[1.000,1.000,1.000,1.000,1.000,1.000,1.000]

ZA_mis=[1.084,1.000,1.000,1.138,1.039,1.020,1.109]
ZA-EWK_mis=[1.012,1.018,1.000,1.083,1.037,1.002,1.031]
TTA_mis=[1.108,1.108,1.108,1.108,1.108,1.108,1.108]
VV_mis=[1.000,1.000,1.000,1.000,1.000,1.000,1.000]
ST_mis=[1.000,1.000,1.000,1.000,1.000,1.000,1.000]

