fake17=[1.279,1.262,1.230,1.243,1.266,1.261,1.268]

interf17=[1.033,1.050,1.053,1.032,1.009,1.014,1.011]

QCD_pdf=[1.013,1.019,1.016,1.013,1.010,1.029,1.011]

QCD_scale=[1.148,1.182,1.151,1.112,1.076,1.102,1.125]

scale_muR1=[1.029,1.048,1.078,1.024,1.013,1.017,1.014]
scale_muF1=[1.117,1.132,1.071,1.112,1.076,1.102,1.125]
scale_muFmuR=[1.148,1.182,1.151,1.087,1.064,1.084,1.112]

QCD_scale_up=[1.031,1.052,1.085,0.973,0.990,0.982,0.984]

QCD_scale_down=[0.973,0.956,0.930,1.021,1.015,1.017,1.012]

jes17_ZA=[1.24,1.09,1.20,1.44,1.39,1.41,1.57]
jes17_ZA-EWK=[1.04,1.04,1.06,1.21,1.15,1.09,1.22]
jes17_TTA=[1.08,1.08,1.08,1.08,1.08,1.00,1.08]
jes17_VV=[1.50,1.50,1.50,1.50,1.50,1.50,1.50]
jes17_ST=[1.32,1.32,1.00,1.00,1.00,1.00,1.00]

jer17_ZA=[1.19,1.07,1.20,1.37,1.38,1.43,1.45]
jer17_ZA-EWK=[1.04,1.01,1.02,1.20,1.13,1.03,1.18]
jer17_TTA=[1.35,1.35,1.35,1.35,1.35,1.00,1.35]
jer17_VV=[1.42,1.42,1.42,1.42,1.42,1.42,1.42]
jer17_ST=[1.01,1.01,1.00,1.00,1.00,1.00,1.00]
jer17_ZA=[1.19,1.06,1.16,1.37,1.38,1.42,1.45]
jer17_ZA-EWK=[1.04,1.01,1.02,1.20,1.13,1.03,1.18]
jer17_TTA=[1.35,1.35,1.35,1.35,1.35,1.00,1.35]
jer17_VV=[1.42,1.42,1.42,1.42,1.42,1.42,1.42]
jer17_ST=[1.01,1.01,1.00,1.00,1.00,1.00,1.00]

l1pref_ZA=[1.022,1.048,1.086,1.016,1.029,1.027,1.028]
l1pref_ZA-EWK=[1.033,1.049,1.071,1.027,1.031,1.068,1.042]
l1pref_TTA=[1.088,1.000,1.000,1.004,1.024,1.020,1.035]
l1pref_VV=[1.000,1.000,1.000,1.031,1.000,1.000,1.000]
l1pref_ST=[1.000,1.000,1.000,1.000,1.000,1.000,1.000]

Sig_scale=[1.034,1.059,1.091,1.034,1.059,1.101,1.122]

Sig_pdf=[1.001,1.001,1.001,1.002,1.001,1.001,1.004]

ele_ZA_ID=[1.103,1.098,1.364,1.105,1.051,1.018,1.090]
ele_ZA-EWK_ID=[1.076,1.090,1.084,1.093,1.098,1.086,1.088]
ele_TTA_ID=[1.037,1.000,1.000,1.037,1.037,1.037,1.037]
ele_VV_ID=[1.042,1.000,1.042,1.042,1.042,1.000,1.042]
ele_ST_ID=[1.033,1.000,1.000,1.000,1.000,1.000,1.000]

ele_ZA_reco=[1.011,1.010,1.021,1.010,1.011,1.008,1.010]
ele_ZA-EWK_reco=[1.010,1.010,1.010,1.010,1.010,1.010,1.010]
ele_TTA_reco=[1.011,1.000,1.000,1.011,1.011,1.011,1.011]
ele_VV_reco=[1.009,1.000,1.009,1.009,1.009,1.000,1.009]
ele_ST_reco=[1.011,1.000,1.000,1.000,1.000,1.000,1.000]

muon_ZA_all=[1.013,1.012,1.015,1.012,1.012,1.010,1.014]
muon_ZA-EWK_all=[1.013,1.013,1.015,1.013,1.014,1.015,1.014]
muon_TTA_all=[1.013,1.013,1.013,1.013,1.013,1.000,1.013]
muon_VV_all=[1.016,1.016,1.000,1.016,1.016,1.016,1.016]
muon_ST_all=[1.019,1.019,1.000,1.000,1.000,1.000,1.000]

muon_ZA_trigger=[1.006,1.007,1.009,1.007,1.008,1.007,1.008]
muon_ZA-EWK_trigger=[1.006,1.006,1.006,1.007,1.007,1.006,1.007]
muon_TTA_trigger=[1.007,1.007,1.007,1.007,1.007,1.000,1.007]
muon_VV_trigger=[1.010,1.010,1.000,1.010,1.010,1.010,1.010]
muon_ST_trigger=[1.008,1.008,1.000,1.000,1.000,1.000,1.000]

photon_ZA_ID=[1.031,1.034,1.030,1.025,1.028,1.027,1.026]
photon_ZA-EWK_ID=[1.030,1.034,1.037,1.027,1.029,1.034,1.030]
photon_TTA_ID=[1.047,1.047,1.047,1.047,1.047,1.000,1.047]
photon_VV_ID=[1.027,1.027,1.027,1.027,1.027,1.027,1.027]
photon_ST_ID=[1.020,1.020,1.000,1.000,1.000,1.000,1.000]

pu_ZA=[1.006,1.035,1.034,1.001,1.014,1.056,1.031]
pu_ZA-EWK=[1.002,1.003,1.002,1.017,1.011,1.008,1.008]
pu_TTA=[1.044,1.176,1.045,1.006,1.043,1.000,1.016]
pu_VV=[1.025,1.025,1.025,1.025,1.025,1.025,1.025]
pu_ST=[1.046,1.046,1.000,1.000,1.000,1.000,1.000]

ZA_eff=[1.008,1.000,1.007,1.017,1.013,1.003,1.013]
ZA-EWK_eff=[1.003,1.001,1.000,1.020,1.006,1.002,1.015]
TTA_eff=[1.023,1.023,1.023,1.023,1.023,1.023,1.023]
VV_eff=[1.057,1.057,1.057,1.057,1.057,1.057,1.057]
ST_eff=[1.000,1.000,1.000,1.000,1.000,1.000,1.000]

ZA_mis=[1.017,1.000,1.000,1.160,1.019,1.024,1.232]
ZA-EWK_mis=[1.000,1.000,1.000,1.009,1.000,1.000,1.008]
TTA_mis=[1.096,1.096,1.096,1.096,1.096,1.096,1.096]
VV_mis=[1.000,1.000,1.000,1.000,1.000,1.000,1.000]
ST_mis=[1.000,1.000,1.000,1.000,1.000,1.000,1.000]

