fake18=[1.286,1.246,1.303,1.275,1.292,1.273,1.288]

interf18=[1.042,1.033,1.057,1.061,1.008,1.021,1.014]

QCD_pdf=[1.016,1.025,1.021,1.012,1.009,1.040,1.011]

QCD_scale=[1.142,1.195,1.246,1.105,1.151,1.136,1.107]

scale_band1=[1.026,1.052,1.078,1.008,1.039,1.025,1.003]
scale_band2=[1.114,1.141,1.165,1.105,1.111,1.110,1.107]
scale_band3=[1.142,1.195,1.246,1.098,1.151,1.136,1.104]

QCD_scale_up=[1.028,1.057,1.084,0.990,1.039,1.027,0.994]

QCD_scale_down=[0.976,0.953,0.929,1.006,0.962,0.978,1.001]

jes18_ZA=[1.10,1.11,1.13,1.25,1.26,1.25,1.54]
jes18_ZA-EWK=[1.01,1.03,1.06,1.04,1.02,1.05,1.04]
jes18_TTA=[1.19,1.19,1.19,1.19,1.19,1.19,1.19]
jes18_VV=[1.22,1.22,1.22,1.22,1.22,1.00,1.22]
jes18_ST=[1.54,1.00,1.00,1.00,1.00,1.00,1.00]

jer18_ZA=[1.07,1.05,1.11,1.28,1.24,1.15,1.37]
jer18_ZA-EWK=[1.00,1.00,1.00,1.01,1.01,1.00,1.01]
jer18_TTA=[1.14,1.14,1.14,1.14,1.14,1.14,1.14]
jer18_VV=[1.20,1.20,1.20,1.20,1.20,1.00,1.20]
jer18_ST=[1.25,1.00,1.00,1.00,1.00,1.00,1.00]

Sig_scale=[1.036,1.060,1.093,1.035,1.060,1.105,1.122]

Sig_pdf=[1.001,1.001,1.001,1.001,1.001,1.002,1.002]

ele_ID=[1.072]
ele_reco=[1.007]
muon_all=[1.003]
muon_trigger=[1.006]
photon_ID=[1.028]
ZA_eff=[1.006,1.008,1.036,1.001,1.021,1.068,1.033]
ZA-EWK_eff=[1.004,1.001,1.000,1.030,1.014,1.003,1.025]
TTA_eff=[1.001,1.001,1.001,1.001,1.001,1.001,1.001]
VV_eff=[1.006,1.006,1.006,1.006,1.006,1.006,1.006]
ST_eff=[1.000,1.000,1.000,1.000,1.000,1.000,1.000]

ZA_mis=[1.000,1.000,1.000,1.000,1.000,1.000,1.009]
ZA-EWK_mis=[1.000,1.000,1.000,1.003,1.001,1.000,1.001]
TTA_mis=[1.000,1.000,1.000,1.000,1.000,1.000,1.000]
VV_mis=[1.000,1.000,1.000,1.000,1.000,1.000,1.000]
ST_mis=[1.000,1.000,1.000,1.000,1.000,1.000,1.000]

