fake16=[1.402,1.387,1.227,1.423,1.423,1.462,1.423]

interf16=[1.048,1.044,1.071,1.030,1.015,1.009,1.009]

QCD_pdf=[1.013,1.019,1.015,1.013,1.010,1.029,1.011]

QCD_scale=[1.146,1.173,1.175,1.094,1.113,1.143,1.086]

scale_muR1=[1.043,1.051,1.061,1.005,1.002,1.035,1.011]
scale_muF1=[1.100,1.120,1.112,1.088,1.110,1.106,1.086]
scale_muFmuR=[1.146,1.173,1.175,1.094,1.113,1.143,1.075]

QCD_scale_up=[1.047,1.055,1.067,1.004,1.002,1.042,0.985]

QCD_scale_down=[0.960,0.954,0.946,0.995,0.997,0.971,1.008]

jes16_ZA=[1.09,1.04,1.09,1.38,1.26,1.27,1.46]
jes16_ZA-EWK=[1.01,1.03,1.04,1.06,1.01,1.04,1.04]
jes16_TTA=[1.02,1.02,1.02,1.02,1.02,1.02,1.02]
jes16_VV=[1.33,1.00,1.00,1.33,1.33,1.00,1.00]
jes16_ST=[1.14,1.00,1.00,1.00,1.00,1.00,1.00]

jer16_ZA=[1.09,1.05,1.06,1.25,1.09,1.17,1.46]
jer16_ZA-EWK=[1.01,1.01,1.01,1.03,1.01,1.00,1.02]
jer16_TTA=[1.09,1.09,1.09,1.09,1.09,1.09,1.09]
jer16_VV=[1.15,1.00,1.00,1.15,1.15,1.00,1.00]
jer16_ST=[1.14,1.00,1.00,1.00,1.00,1.00,1.00]

jer16_ZA=[1.09,1.05,1.06,1.25,1.09,1.17,1.46]
jer16_ZA-EWK=[1.01,1.01,1.01,1.03,1.01,1.00,1.02]
jer16_TTA=[1.09,1.09,1.09,1.09,1.09,1.09,1.09]
jer16_VV=[1.15,1.00,1.00,1.15,1.15,1.00,1.00]
jer16_ST=[1.14,1.00,1.00,1.00,1.00,1.00,1.00]

l1pref_ZA=[1.016,1.014,1.030,1.013,1.007,1.046,1.020]
l1pref_ZA-EWK=[1.018,1.025,1.048,1.013,1.020,1.040,1.023]
l1pref_TTA=[1.003,1.037,1.000,1.009,1.031,1.067,1.002]
l1pref_VV=[1.000,1.000,1.000,1.000,1.000,1.000,1.000]
l1pref_ST=[1.000,1.000,1.000,1.000,1.000,1.000,1.000]

Sig_scale=[1.029,1.054,1.090,1.027,1.052,1.099,1.118]

Sig_pdf=[1.036,1.035,1.041,1.038,1.035,1.042,1.044]

ele_ZA_ID=[1.063,1.042,1.079,1.070,1.034,1.057,1.022]
ele_ZA-EWK_ID=[1.063,1.060,1.065,1.054,1.064,1.062,1.077]
ele_TTA_ID=[1.024,1.024,1.024,1.024,1.024,1.000,1.000]
ele_VV_ID=[1.025,1.000,1.000,1.000,1.000,1.000,1.000]
ele_ST_ID=[1.000,1.000,1.000,1.000,1.000,1.000,1.000]

ele_ZA_reco=[1.012,1.012,1.011,1.011,1.012,1.014,1.004]
ele_ZA-EWK_reco=[1.011,1.011,1.012,1.010,1.011,1.012,1.012]
ele_TTA_reco=[1.008,1.008,1.008,1.008,1.008,1.000,1.000]
ele_VV_reco=[1.014,1.000,1.000,1.000,1.000,1.000,1.000]
ele_ST_reco=[1.000,1.000,1.000,1.000,1.000,1.000,1.000]

muon_ZA_all=[1.025,1.027,1.028,1.020,1.023,1.024,1.021]
muon_ZA-EWK_all=[1.023,1.025,1.027,1.021,1.023,1.026,1.023]
muon_TTA_all=[1.019,1.019,1.019,1.019,1.019,1.019,1.019]
muon_VV_all=[1.019,1.000,1.000,1.019,1.019,1.000,1.000]
muon_ST_all=[1.000,1.000,1.000,1.000,1.000,1.000,1.000]

muon_ZA_trigger=[1.008,1.007,1.008,1.006,1.007,1.005,1.007]
muon_ZA-EWK_trigger=[1.007,1.006,1.006,1.007,1.007,1.006,1.006]
muon_TTA_trigger=[1.006,1.006,1.006,1.006,1.006,1.006,1.006]
muon_VV_trigger=[1.007,1.000,1.000,1.007,1.007,1.000,1.000]
muon_ST_trigger=[1.000,1.000,1.000,1.000,1.000,1.000,1.000]

photon_ZA_ID=[1.026,1.032,1.030,1.028,1.024,1.025,1.024]
photon_ZA-EWK_ID=[1.025,1.027,1.028,1.023,1.024,1.026,1.024]
photon_TTA_ID=[1.034,1.034,1.034,1.034,1.034,1.034,1.034]
photon_VV_ID=[1.020,1.000,1.000,1.020,1.020,1.000,1.000]
photon_ST_ID=[1.000,1.000,1.000,1.000,1.000,1.000,1.000]

pu_ZA=[1.003,1.013,1.013,1.002,1.013,1.009,1.004]
pu_ZA-EWK=[1.004,1.006,1.007,1.020,1.008,1.005,1.000]
pu_TTA=[1.066,1.035,1.031,1.044,1.056,1.069,1.221]
pu_VV=[1.123,1.000,1.000,1.123,1.123,1.000,1.000]
pu_ST=[1.000,1.000,1.000,1.000,1.000,1.000,1.000]

ZA_eff=[1.002,1.000,1.000,1.007,1.005,1.002,1.008]
ZA-EWK_eff=[1.001,1.000,1.000,1.007,1.003,1.000,1.005]
TTA_eff=[1.000,1.000,1.000,1.000,1.000,1.000,1.000]
VV_eff=[1.000,1.000,1.000,1.000,1.000,1.000,1.000]
ST_eff=[1.000,1.000,1.000,1.000,1.000,1.000,1.000]

ZA_mis=[1.016,1.000,1.000,1.078,1.033,1.002,1.040]
ZA-EWK_mis=[1.002,1.000,1.000,1.019,1.001,1.000,1.012]
TTA_mis=[1.000,1.000,1.000,1.000,1.000,1.000,1.000]
VV_mis=[1.000,1.000,1.000,1.000,1.000,1.000,1.000]
ST_mis=[1.000,1.000,1.000,1.000,1.000,1.000,1.000]

