fake16=[1.229,1.238,1.203,1.200,1.207,1.211,1.188]

interf16=[1.047,1.046,1.071,1.034,1.012,1.009,1.008]

QCD_pdf=[1.013,1.020,1.018,1.012,1.011,1.029,1.011]

QCD_scale=[1.144,1.182,1.224,1.090,1.108,1.159,1.104]

scale_muR1=[1.042,1.055,1.092,1.007,1.008,1.042,1.010]
scale_muF1=[1.100,1.125,1.128,1.090,1.108,1.115,1.104]
scale_muFmuR=[1.144,1.182,1.224,1.085,1.100,1.159,1.094]

QCD_scale_up=[1.046,1.060,1.102,0.992,0.990,1.050,0.986]

QCD_scale_down=[0.962,0.950,0.917,1.006,1.007,0.966,1.007]

jes16_ZA=[1.09,1.05,1.06,1.21,1.20,1.24,1.25]
jes16_ZA-EWK=[1.01,1.03,1.04,1.04,1.02,1.04,1.03]
jes16_TTA=[1.04,1.04,1.04,1.04,1.04,1.04,1.04]
jes16_VV=[1.12,1.00,1.00,1.12,1.12,1.00,1.00]
jes16_ST=[1.53,1.00,1.00,1.00,1.00,1.00,1.00]

jer16_ZA=[1.07,1.04,1.03,1.20,1.09,1.16,1.23]
jer16_ZA-EWK=[1.01,1.01,1.01,1.02,1.00,1.00,1.01]
jer16_TTA=[1.09,1.09,1.09,1.09,1.09,1.09,1.09]
jer16_VV=[1.29,1.00,1.00,1.29,1.29,1.00,1.00]
jer16_ST=[1.00,1.00,1.00,1.00,1.00,1.00,1.00]

l1pref_ZA=[1.009,1.015,1.023,1.007,1.008,1.011,1.004]
l1pref_ZA-EWK=[1.013,1.019,1.035,1.008,1.012,1.030,1.016]
l1pref_TTA=[1.017,1.004,1.127,1.012,1.014,1.000,1.000]
l1pref_VV=[1.006,1.000,1.000,1.000,1.000,1.000,1.000]
l1pref_ST=[1.000,1.000,1.000,1.000,1.000,1.000,1.000]

Sig_scale=[1.028,1.054,1.090,1.028,1.051,1.099,1.118]

Sig_pdf=[1.036,1.035,1.041,1.038,1.035,1.042,1.043]

ele_ZA_ID=[1.064,1.041,1.061,1.055,1.021,1.044,1.029]
ele_ZA-EWK_ID=[1.063,1.060,1.065,1.053,1.063,1.061,1.076]
ele_TTA_ID=[1.024,1.024,1.024,1.024,1.024,1.000,1.000]
ele_VV_ID=[1.025,1.000,1.000,1.000,1.000,1.000,1.000]
ele_ST_ID=[1.025,1.000,1.000,1.000,1.000,1.000,1.000]

ele_ZA_reco=[1.013,1.012,1.009,1.010,1.010,1.013,1.008]
ele_ZA-EWK_reco=[1.011,1.011,1.012,1.010,1.011,1.012,1.012]
ele_TTA_reco=[1.008,1.008,1.008,1.008,1.008,1.000,1.000]
ele_VV_reco=[1.014,1.000,1.000,1.000,1.000,1.000,1.000]
ele_ST_reco=[1.009,1.000,1.000,1.000,1.000,1.000,1.000]

muon_ZA_all=[1.025,1.028,1.029,1.020,1.023,1.024,1.021]
muon_ZA-EWK_all=[1.023,1.025,1.027,1.021,1.023,1.026,1.023]
muon_TTA_all=[1.019,1.019,1.019,1.019,1.019,1.019,1.019]
muon_VV_all=[1.019,1.000,1.000,1.019,1.019,1.000,1.000]
muon_ST_all=[1.015,1.000,1.000,1.015,1.015,1.000,1.000]

muon_ZA_trigger=[1.008,1.007,1.008,1.007,1.007,1.005,1.007]
muon_ZA-EWK_trigger=[1.007,1.006,1.006,1.007,1.007,1.006,1.006]
muon_TTA_trigger=[1.006,1.006,1.006,1.006,1.006,1.006,1.006]
muon_VV_trigger=[1.007,1.000,1.000,1.007,1.007,1.000,1.000]
muon_ST_trigger=[1.005,1.000,1.000,1.005,1.005,1.000,1.000]

photon_ZA_ID=[1.026,1.032,1.028,1.027,1.024,1.026,1.025]
photon_ZA-EWK_ID=[1.025,1.027,1.028,1.023,1.024,1.026,1.024]
photon_TTA_ID=[1.034,1.034,1.034,1.034,1.034,1.034,1.034]
photon_VV_ID=[1.020,1.000,1.000,1.020,1.020,1.000,1.000]
photon_ST_ID=[1.050,1.000,1.000,1.050,1.050,1.000,1.000]

pu_ZA=[1.006,1.013,1.016,1.043,1.025,1.014,1.050]
pu_ZA-EWK=[1.004,1.006,1.007,1.015,1.006,1.004,1.002]
pu_TTA=[1.066,1.035,1.031,1.089,1.080,1.069,1.221]
pu_VV=[1.123,1.000,1.000,1.123,1.123,1.000,1.000]
pu_ST=[1.050,1.000,1.000,1.050,1.050,1.000,1.000]

ZA_eff=[1.005,1.000,1.000,1.015,1.009,1.022,1.014]
ZA-EWK_eff=[1.003,1.001,1.000,1.020,1.010,1.001,1.017]
TTA_eff=[1.007,1.007,1.007,1.007,1.007,1.007,1.007]
VV_eff=[1.010,1.010,1.010,1.010,1.010,1.010,1.010]
ST_eff=[1.000,1.000,1.000,1.000,1.000,1.000,1.000]

ZA_mis=[1.006,1.003,1.027,1.240,1.020,1.016,1.189]
ZA-EWK_mis=[1.000,1.000,1.000,1.031,1.016,1.000,1.010]
TTA_mis=[1.009,1.009,1.009,1.009,1.009,1.009,1.009]
VV_mis=[1.060,1.060,1.060,1.060,1.060,1.060,1.060]
ST_mis=[1.000,1.000,1.000,1.000,1.000,1.000,1.000]

