fake18=[1.090,1.091,1.099,1.089,1.090,1.092,1.080]

interf18=[1.044,1.034,1.058,1.065,1.014,1.020,1.014]

QCD_pdf=[1.013,1.019,1.016,1.013,1.010,1.028,1.011]

QCD_scale=[1.147,1.186,1.190,1.105,1.162,1.113,1.085]

scale_muR1=[1.029,1.051,1.048,1.014,1.045,1.017,1.001]
scale_muF1=[1.117,1.133,1.139,1.105,1.114,1.096,1.084]
scale_muFmuR=[1.147,1.186,1.190,1.091,1.162,1.113,1.084]

QCD_scale_up=[1.031,1.056,1.052,0.983,1.046,1.019,0.997]

QCD_scale_down=[0.972,0.954,0.956,1.011,0.957,0.984,0.999]

jes18_ZA=[1.14,1.10,1.12,1.39,1.26,1.29,1.40]
jes18_ZA-EWK=[1.03,1.04,1.06,1.22,1.08,1.06,1.16]
jes18_TTA=[1.25,1.25,1.25,1.25,1.25,1.25,1.25]
jes18_VV=[1.35,1.35,1.35,1.35,1.35,1.00,1.35]
jes18_ST=[1.36,1.00,1.00,1.00,1.00,1.00,1.00]

jer18_ZA=[1.09,1.03,1.11,1.36,1.14,1.20,1.32]
jer18_ZA-EWK=[1.04,1.00,1.01,1.20,1.07,1.02,1.13]
jer18_TTA=[1.20,1.20,1.20,1.20,1.20,1.20,1.20]
jer18_VV=[1.13,1.13,1.13,1.13,1.13,1.00,1.13]
jer18_ST=[1.11,1.00,1.00,1.00,1.00,1.00,1.00]
jer18_ZA=[1.09,1.03,1.09,1.36,1.14,1.19,1.32]
jer18_ZA-EWK=[1.04,1.00,1.01,1.20,1.07,1.02,1.13]
jer18_TTA=[1.20,1.20,1.20,1.20,1.20,1.20,1.20]
jer18_VV=[1.13,1.13,1.13,1.13,1.13,1.00,1.13]
jer18_ST=[1.11,1.00,1.00,1.00,1.00,1.00,1.00]

Sig_scale=[1.036,1.060,1.092,1.034,1.060,1.105,1.123]

Sig_pdf=[1.001,1.001,1.001,1.001,1.001,1.002,1.002]

ele_ZA_ID=[1.078,1.070,1.091,1.058,1.090,1.069,1.081]
ele_ZA-EWK_ID=[1.070,1.071,1.066,1.075,1.085,1.076,1.067]
ele_TTA_ID=[1.002,1.002,1.002,1.000,1.002,1.002,1.002]
ele_VV_ID=[1.019,1.000,1.019,1.019,1.019,1.000,1.019]
ele_ST_ID=[1.304,1.000,1.000,1.304,1.000,1.000,1.000]

ele_ZA_reco=[1.007,1.009,1.008,1.004,1.006,1.006,1.004]
ele_ZA-EWK_reco=[1.006,1.007,1.007,1.005,1.006,1.007,1.006]
ele_TTA_reco=[1.004,1.004,1.004,1.000,1.004,1.004,1.004]
ele_VV_reco=[1.005,1.000,1.005,1.005,1.005,1.000,1.005]
ele_ST_reco=[1.006,1.000,1.000,1.006,1.000,1.000,1.000]

muon_ZA_all=[1.006,1.005,1.006,1.006,1.006,1.007,1.007]
muon_ZA-EWK_all=[1.006,1.006,1.006,1.006,1.006,1.006,1.006]
muon_TTA_all=[1.006,1.006,1.006,1.006,1.006,1.006,1.006]
muon_VV_all=[1.009,1.009,1.000,1.009,1.000,1.000,1.009]
muon_ST_all=[1.004,1.000,1.000,1.000,1.000,1.000,1.000]

muon_ZA_trigger=[1.006,1.008,1.006,1.007,1.006,1.007,1.008]
muon_ZA-EWK_trigger=[1.007,1.006,1.006,1.007,1.007,1.006,1.007]
muon_TTA_trigger=[1.006,1.006,1.006,1.006,1.006,1.006,1.006]
muon_VV_trigger=[1.004,1.004,1.000,1.004,1.000,1.000,1.004]
muon_ST_trigger=[1.008,1.000,1.000,1.000,1.000,1.000,1.000]

photon_ZA_ID=[1.028,1.031,1.037,1.028,1.029,1.031,1.029]
photon_ZA-EWK_ID=[1.027,1.028,1.029,1.028,1.027,1.027,1.027]
photon_TTA_ID=[1.031,1.031,1.031,1.031,1.031,1.031,1.031]
photon_VV_ID=[1.026,1.026,1.026,1.026,1.026,1.000,1.026]
photon_ST_ID=[1.031,1.000,1.000,1.031,1.000,1.000,1.000]

pu_ZA=[1.067,1.080,1.130,1.111,1.107,1.090,1.137]
pu_ZA-EWK=[1.075,1.076,1.064,1.062,1.074,1.070,1.069]
pu_TTA=[1.144,1.202,1.037,1.331,1.037,1.089,1.126]
pu_VV=[1.078,1.078,1.078,1.078,1.078,1.000,1.078]
pu_ST=[1.045,1.000,1.000,1.045,1.000,1.000,1.000]

ZA_eff=[1.004,1.001,1.000,1.010,1.010,1.007,1.010]
ZA-EWK_eff=[1.001,1.000,1.000,1.015,1.008,1.001,1.013]
TTA_eff=[1.007,1.007,1.007,1.007,1.007,1.007,1.007]
VV_eff=[1.008,1.008,1.008,1.008,1.008,1.008,1.008]
ST_eff=[1.000,1.000,1.000,1.000,1.000,1.000,1.000]

ZA_mis=[1.008,1.001,1.000,1.101,1.052,1.008,1.136]
ZA-EWK_mis=[1.000,1.000,1.000,1.011,1.003,1.000,1.008]
TTA_mis=[1.031,1.031,1.031,1.031,1.031,1.031,1.031]
VV_mis=[1.046,1.046,1.046,1.046,1.046,1.046,1.046]
ST_mis=[1.000,1.000,1.000,1.000,1.000,1.000,1.000]

