fake17=[1.174,1.223,1.000,1.186,1.196,1.170,1.190]

interf17=[1.033,1.050,1.053,1.032,1.009,1.014,1.011]

QCD_pdf=[1.013,1.020,1.018,1.012,1.011,1.029,1.011]

QCD_scale=[1.149,1.195,1.192,1.112,1.077,1.117,1.125]

scale_muR1=[1.029,1.053,1.118,1.024,1.013,1.022,1.014]
scale_muF1=[1.118,1.140,1.070,1.112,1.077,1.117,1.125]
scale_muFmuR=[1.149,1.195,1.192,1.088,1.065,1.094,1.111]

QCD_scale_up=[1.031,1.057,1.130,0.973,0.990,0.977,0.984]

QCD_scale_down=[0.973,0.951,0.894,1.021,1.016,1.022,1.012]

jes17_ZA=[1.24,1.09,1.23,1.44,1.39,1.42,1.57]
jes17_ZA-EWK=[1.04,1.04,1.06,1.21,1.15,1.09,1.22]
jes17_TTA=[1.08,1.08,1.08,1.08,1.08,1.00,1.08]
jes17_VV=[1.50,1.50,1.50,1.50,1.50,1.50,1.50]
jes17_ST=[1.32,1.32,1.00,1.00,1.00,1.00,1.00]

jer17_ZA=[1.19,1.07,1.20,1.37,1.38,1.43,1.45]
jer17_ZA-EWK=[1.04,1.01,1.02,1.20,1.13,1.03,1.18]
jer17_TTA=[1.35,1.35,1.35,1.35,1.35,1.00,1.35]
jer17_VV=[1.42,1.42,1.42,1.42,1.42,1.42,1.42]
jer17_ST=[1.01,1.01,1.00,1.00,1.00,1.00,1.00]

l1pref_ZA=[1.020,1.022,1.015,1.007,1.017,1.042,1.006]
l1pref_ZA-EWK=[1.024,1.035,1.057,1.013,1.020,1.050,1.028]
l1pref_TTA=[1.065,11.434,1.000,1.020,1.007,1.000,1.051]
l1pref_VV=[1.007,1.000,1.021,1.000,1.081,1.000,1.000]
l1pref_ST=[1.000,1.000,1.000,1.000,1.000,1.000,1.000]

Sig_scale=[1.034,1.059,1.091,1.034,1.059,1.101,1.122]

Sig_pdf=[1.001,1.001,1.001,1.002,1.001,1.001,1.004]

ele_ZA_ID=[1.099,1.098,1.424,1.106,1.051,1.011,1.090]
ele_ZA-EWK_ID=[1.076,1.090,1.084,1.093,1.098,1.086,1.088]
ele_TTA_ID=[1.037,1.000,1.000,1.037,1.037,1.037,1.037]
ele_VV_ID=[1.042,1.000,1.042,1.042,1.042,1.000,1.042]
ele_ST_ID=[1.033,1.000,1.000,1.000,1.000,1.000,1.000]

ele_ZA_reco=[1.011,1.010,1.024,1.010,1.011,1.008,1.010]
ele_ZA-EWK_reco=[1.010,1.010,1.010,1.010,1.010,1.010,1.010]
ele_TTA_reco=[1.011,1.000,1.000,1.011,1.011,1.011,1.011]
ele_VV_reco=[1.009,1.000,1.009,1.009,1.009,1.000,1.009]
ele_ST_reco=[1.011,1.000,1.000,1.000,1.000,1.000,1.000]

muon_ZA_all=[1.013,1.011,1.015,1.012,1.012,1.010,1.014]
muon_ZA-EWK_all=[1.013,1.013,1.015,1.013,1.014,1.015,1.014]
muon_TTA_all=[1.013,1.013,1.013,1.013,1.013,1.000,1.013]
muon_VV_all=[1.016,1.016,1.000,1.016,1.016,1.016,1.016]
muon_ST_all=[1.019,1.019,1.000,1.000,1.000,1.000,1.000]

muon_ZA_trigger=[1.006,1.007,1.009,1.007,1.008,1.007,1.008]
muon_ZA-EWK_trigger=[1.006,1.006,1.006,1.007,1.007,1.006,1.007]
muon_TTA_trigger=[1.007,1.007,1.007,1.007,1.007,1.000,1.007]
muon_VV_trigger=[1.010,1.010,1.000,1.010,1.010,1.010,1.010]
muon_ST_trigger=[1.008,1.008,1.000,1.000,1.000,1.000,1.000]

photon_ZA_ID=[1.031,1.033,1.028,1.025,1.028,1.027,1.026]
photon_ZA-EWK_ID=[1.030,1.034,1.037,1.027,1.029,1.034,1.030]
photon_TTA_ID=[1.046,1.046,1.046,1.046,1.046,1.000,1.046]
photon_VV_ID=[1.027,1.027,1.027,1.027,1.027,1.027,1.027]
photon_ST_ID=[1.020,1.020,1.000,1.000,1.000,1.000,1.000]

pu_ZA=[1.006,1.038,1.047,1.001,1.015,1.062,1.032]
pu_ZA-EWK=[1.002,1.003,1.002,1.017,1.011,1.008,1.008]
pu_TTA=[1.042,1.176,1.045,1.006,1.043,1.000,1.016]
pu_VV=[1.025,1.025,1.025,1.025,1.025,1.025,1.025]
pu_ST=[1.046,1.046,1.000,1.000,1.000,1.000,1.000]

ZA_eff=[1.005,1.000,1.000,1.015,1.009,1.022,1.014]
ZA-EWK_eff=[1.003,1.001,1.000,1.020,1.010,1.001,1.017]
TTA_eff=[1.007,1.007,1.007,1.007,1.007,1.007,1.007]
VV_eff=[1.010,1.010,1.010,1.010,1.010,1.010,1.010]
ST_eff=[1.000,1.000,1.000,1.000,1.000,1.000,1.000]

ZA_mis=[1.006,1.003,1.027,1.240,1.020,1.016,1.189]
ZA-EWK_mis=[1.000,1.000,1.000,1.031,1.016,1.000,1.010]
TTA_mis=[1.009,1.009,1.009,1.009,1.009,1.009,1.009]
VV_mis=[1.060,1.060,1.060,1.060,1.060,1.060,1.060]
ST_mis=[1.000,1.000,1.000,1.000,1.000,1.000,1.000]

