fake16=[1.122,1.101,1.000,1.113,1.146,1.082,1.118]

interf16=[1.047,1.051,1.069,1.028,1.019,1.008,1.008]

QCD_pdf=[1.016,1.033,1.019,1.012,1.009,1.036,1.011]

QCD_scale=[1.149,1.185,1.211,1.108,1.121,1.150,1.100]

scale_band1=[1.041,1.052,1.081,1.004,1.006,1.043,1.001]
scale_band2=[1.106,1.132,1.127,1.108,1.115,1.105,1.098]
scale_band3=[1.149,1.185,1.211,1.106,1.121,1.150,1.099]

QCD_scale_up=[1.045,1.056,1.089,0.995,1.006,1.053,0.998]

QCD_scale_down=[0.963,0.953,0.926,1.002,0.994,0.967,1.000]

jes16_ZA=[1.10,1.06,1.13,1.18,1.34,1.15,1.23]
jes16_ZA-EWK=[1.01,1.00,1.05,1.05,1.03,1.05,1.03]
jes16_TTA=[1.04,1.04,1.04,1.04,1.04,1.04,1.04]
jes16_VV=[1.12,1.00,1.00,1.12,1.12,1.00,1.00]
jes16_ST=[1.53,1.00,1.00,1.00,1.00,1.00,1.00]

jer16_ZA=[1.10,1.06,1.09,1.18,1.17,1.16,1.28]
jer16_ZA=[1.10,1.06,1.09,1.18,1.17,1.16,1.28]
jer16_ZA-EWK=[1.01,1.01,1.05,1.05,1.03,1.05,1.02]
jer16_TTA=[1.09,1.09,1.09,1.09,1.09,1.09,1.09]
jer16_VV=[1.28,1.00,1.00,1.28,1.28,1.00,1.00]
jer16_ST=[1.53,1.00,1.00,1.00,1.00,1.00,1.00]
jer16_ZA=[1.10,1.06,1.09,1.18,1.17,1.16,1.28]
jer16_ZA-EWK=[1.01,1.01,1.05,1.05,1.03,1.05,1.02]
jer16_TTA=[1.09,1.09,1.09,1.09,1.09,1.09,1.09]
jer16_VV=[1.28,1.00,1.00,1.28,1.28,1.00,1.00]
jer16_ST=[1.53,1.00,1.00,1.00,1.00,1.00,1.00]
jer16_ZA=[1.07,1.06,1.09,1.18,1.17,1.16,1.28]
jer16_ZA-EWK=[1.01,1.01,1.02,1.04,1.02,1.00,1.00]
jer16_TTA=[1.09,1.09,1.09,1.09,1.09,1.09,1.09]
jer16_VV=[1.28,1.00,1.00,1.28,1.28,1.00,1.00]
jer16_ST=[1.00,1.00,1.00,1.00,1.00,1.00,1.00]

l1pref16=[1.011,1.020,1.030,1.006,1.011,1.026,1.015]

Sig_scale=[1.029,1.055,1.091,1.024,1.053,1.102,1.121]

Sig_pdf=[1.036,1.036,1.044,1.037,1.035,1.042,1.042]

ele_ID=[1.059]
ele_reco=[1.011]
muon_all=[1.017]
muon_trigger=[1.020]
photon_ID=[1.018]
