fake17=[1.216,1.223,1.344,1.201,1.199,1.218,1.198]

interf17=[1.035,1.049,1.055,1.030,1.012,1.011,1.013]

QCD_pdf=[1.016,1.025,1.021,1.012,1.009,1.040,1.011]

QCD_scale=[1.154,1.197,1.211,1.108,1.099,1.109,1.085]

scale_band1=[1.031,1.052,1.147,1.005,1.008,1.047,1.037]
scale_band2=[1.121,1.143,1.059,1.108,1.099,1.109,1.085]
scale_band3=[1.154,1.197,1.211,1.104,1.092,1.061,1.048]

QCD_scale_up=[1.033,1.056,1.161,0.994,0.995,0.952,0.963]

QCD_scale_down=[0.971,0.952,0.867,1.003,1.010,1.046,1.036]

jes17_ZA=[1.28,1.12,1.25,1.44,1.40,1.46,1.56]
jes17_ZA-EWK=[1.05,1.04,1.06,1.22,1.16,1.09,1.21]
jes17_TTA=[1.10,1.10,1.10,1.10,1.10,1.00,1.10]
jes17_VV=[1.55,1.55,1.55,1.55,1.55,1.55,1.55]
jes17_ST=[1.33,1.33,1.00,1.33,1.00,1.00,1.00]

jer17_ZA=[1.24,1.08,1.21,1.37,1.40,1.45,1.44]
jer17_ZA-EWK=[1.04,1.01,1.02,1.20,1.14,1.03,1.17]
jer17_TTA=[1.31,1.31,1.31,1.31,1.31,1.00,1.31]
jer17_VV=[1.42,1.42,1.42,1.42,1.42,1.42,1.42]
jer17_ST=[1.02,1.02,1.00,1.02,1.00,1.00,1.00]

l1pref17=[1.030,1.051,1.071,1.022,1.036,1.054,1.029]

Sig_scale=[1.035,1.060,1.091,1.033,1.060,1.101,1.123]

Sig_pdf=[1.001,1.001,1.001,1.002,1.001,1.001,1.004]

ele_ID=[1.086]
ele_reco=[1.010]
muon_all=[1.014]
muon_trigger=[1.006]
photon_ID=[1.032]
ZA_eff=[1.006,1.008,1.036,1.001,1.021,1.068,1.033]
ZA-EWK_eff=[1.004,1.001,1.000,1.030,1.014,1.003,1.025]
TTA_eff=[1.001,1.001,1.001,1.001,1.001,1.001,1.001]
VV_eff=[1.006,1.006,1.006,1.006,1.006,1.006,1.006]
ST_eff=[1.000,1.000,1.000,1.000,1.000,1.000,1.000]

ZA_mis=[1.000,1.000,1.000,1.000,1.000,1.000,1.009]
ZA-EWK_mis=[1.000,1.000,1.000,1.003,1.001,1.000,1.001]
TTA_mis=[1.000,1.000,1.000,1.000,1.000,1.000,1.000]
VV_mis=[1.000,1.000,1.000,1.000,1.000,1.000,1.000]
ST_mis=[1.000,1.000,1.000,1.000,1.000,1.000,1.000]

