fake18=[1.277,1.277,1.275]

interf18=[1.173,1.176,1.145]

QCD_pdf=[1.012,1.011,1.011]

QCD_scale=[1.128,1.127,1.121]

scale_muR1=[1.002,1.003,1.011]
scale_muF1=[1.128,1.123,1.108]
scale_muFmuR=[1.127,1.127,1.121]

QCD_scale_up=[0.996,1.002,1.011]

QCD_scale_down=[1.000,0.996,0.989]

jes18_ZA=[1.10,1.12,1.18]
jes18_ZA-EWK=[1.01,1.01,1.01]
jes18_TTA=[1.04,1.04,1.04]
jes18_VV=[1.06,1.06,1.06]
jes18_ST=[1.06,1.06,1.06]

jer18_ZA=[1.07,1.08,1.17]
jer18_ZA-EWK=[1.01,1.00,1.01]
jer18_TTA=[1.02,1.02,1.02]
jer18_VV=[1.05,1.05,1.05]
jer18_ST=[1.08,1.08,1.08]

Sig_scale=[1.002,1.010,1.020]

Sig_pdf=[1.001,1.001,1.001]

ele_ZA_ID=[1.070,1.078,1.066]
ele_ZA-EWK_ID=[1.074,1.072,1.074]
ele_TTA_ID=[1.095,1.095,1.095]
ele_VV_ID=[1.082,1.082,1.082]
ele_ST_ID=[1.174,1.174,1.174]

ele_ZA_reco=[1.006,1.006,1.006]
ele_ZA-EWK_reco=[1.006,1.006,1.006]
ele_TTA_reco=[1.004,1.004,1.004]
ele_VV_reco=[1.006,1.006,1.006]
ele_ST_reco=[1.004,1.004,1.004]

muon_ZA_all=[1.003,1.003,1.003]
muon_ZA-EWK_all=[1.003,1.003,1.003]
muon_TTA_all=[1.003,1.003,1.003]
muon_VV_all=[1.003,1.003,1.003]
muon_ST_all=[1.003,1.003,1.003]

muon_ZA_trigger=[1.007,1.007,1.007]
muon_ZA-EWK_trigger=[1.006,1.007,1.006]
muon_TTA_trigger=[1.006,1.006,1.006]
muon_VV_trigger=[1.007,1.007,1.007]
muon_ST_trigger=[1.006,1.006,1.006]

photon_ZA_ID=[1.029,1.028,1.029]
photon_ZA-EWK_ID=[1.028,1.028,1.027]
photon_TTA_ID=[1.028,1.028,1.028]
photon_VV_ID=[1.029,1.029,1.029]
photon_ST_ID=[1.032,1.032,1.032]

pu_ZA=[1.090,1.097,1.101]
pu_ewk=[1.067,1.078,1.068]
pu_TTA=[1.072,1.067,1.108]
pu_VV=[1.085,1.065,1.091]
pu_ST=[1.031,1.082,1.110]

ZA_eff=[1.009,1.008,1.005]
ZA-EWK_eff=[1.005,1.003,1.002]
TTA_eff=[1.002,1.002,1.002]
VV_eff=[1.007,1.007,1.007]
ST_eff=[1.013,1.013,1.013]

ZA_mis=[1.176,1.316,1.038]
ZA-EWK_mis=[1.054,1.030,1.026]
TTA_mis=[1.040,1.040,1.040]
VV_mis=[1.137,1.137,1.137]
ST_mis=[1.000,1.000,1.000]

