fake17=[1.262,1.271,1.249]

interf17=[1.135,1.160,1.167]

QCD_pdf=[1.012,1.011,1.011]

QCD_scale=[1.147,1.156,1.148]

scale_muR1=[1.000,1.018,1.011]
scale_muF1=[1.146,1.136,1.137]
scale_muFmuR=[1.146,1.156,1.148]

QCD_scale_up=[0.998,1.018,1.010]

QCD_scale_down=[0.998,0.982,0.989]

jes17_ZA=[1.23,1.29,1.26]
jes17_ZA-EWK=[1.13,1.10,1.11]
jes17_TTA=[1.51,1.51,1.51]
jes17_VV=[1.55,1.55,1.55]
jes17_ST=[1.02,1.02,1.02]

jer17_ZA=[1.21,1.24,1.20]
jer17_ZA-EWK=[1.13,1.09,1.12]
jer17_TTA=[1.71,1.71,1.71]
jer17_VV=[1.45,1.45,1.45]
jer17_ST=[1.10,1.10,1.10]

l1pref_ZA=[1.024,1.020,1.028]
l1pref_ZA-EWK=[1.030,1.026,1.034]
l1pref_TTA=[1.023,1.004,1.000]
l1pref_VV=[1.014,1.009,1.057]
l1pref_ST=[1.045,1.000,1.040]

Sig_scale=[1.003,1.010,1.018]

Sig_pdf=[1.001,1.001,1.001]

ele_ZA_ID=[1.080,1.085,1.076]
ele_ZA-EWK_ID=[1.090,1.102,1.090]
ele_TTA_ID=[1.067,1.067,1.067]
ele_VV_ID=[1.098,1.098,1.098]
ele_ST_ID=[1.028,1.000,1.028]

ele_ZA_reco=[1.010,1.010,1.010]
ele_ZA-EWK_reco=[1.010,1.010,1.010]
ele_TTA_reco=[1.010,1.010,1.010]
ele_VV_reco=[1.010,1.010,1.010]
ele_ST_reco=[1.010,1.000,1.010]

muon_ZA_all=[1.013,1.013,1.013]
muon_ZA-EWK_all=[1.013,1.013,1.013]
muon_TTA_all=[1.013,1.013,1.013]
muon_VV_all=[1.014,1.014,1.014]
muon_ST_all=[1.010,1.010,1.010]

muon_ZA_trigger=[1.007,1.007,1.007]
muon_ZA-EWK_trigger=[1.007,1.007,1.007]
muon_TTA_trigger=[1.006,1.006,1.006]
muon_VV_trigger=[1.008,1.008,1.008]
muon_ST_trigger=[1.006,1.006,1.006]

photon_ZA_ID=[1.028,1.029,1.031]
photon_ZA-EWK_ID=[1.030,1.030,1.030]
photon_TTA_ID=[1.034,1.034,1.034]
photon_VV_ID=[1.032,1.032,1.032]
photon_ST_ID=[1.024,1.024,1.024]

pu_ZA=[1.001,1.005,1.002]
pu_ewk=[1.010,1.004,1.008]
pu_TTA=[1.012,1.018,1.023]
pu_VV=[1.002,1.027,1.004]
pu_ST=[1.001,1.145,1.123]

ZA_eff=[1.007,1.013,1.007]
ZA-EWK_eff=[1.004,1.004,1.006]
TTA_eff=[1.003,1.003,1.003]
VV_eff=[1.010,1.010,1.010]
ST_eff=[1.000,1.000,1.000]

ZA_mis=[1.185,1.118,1.148]
ZA-EWK_mis=[1.041,1.028,1.015]
TTA_mis=[1.032,1.032,1.032]
VV_mis=[1.287,1.287,1.287]
ST_mis=[1.000,1.000,1.000]

