fake17=[1.189,1.193,1.193]

interf17=[1.134,1.155,1.167]

QCD_pdf=[1.012,1.011,1.011]

QCD_scale=[1.138,1.148,1.135]

scale_muR1=[1.003,1.017,1.008]
scale_muF1=[1.138,1.129,1.125]
scale_muFmuR=[1.136,1.148,1.135]

QCD_scale_up=[0.995,1.016,1.008]

QCD_scale_down=[1.000,0.983,0.991]

jes17_ZA=[1.23,1.26,1.24]
jes17_ZA-EWK=[1.13,1.09,1.10]
jes17_TTA=[1.10,1.10,1.10]
jes17_VV=[1.11,1.11,1.11]
jes17_ST=[1.04,1.04,1.04]

jer17_ZA=[1.21,1.22,1.21]
jer17_ZA-EWK=[1.13,1.08,1.11]
jer17_TTA=[1.09,1.09,1.09]
jer17_VV=[1.03,1.03,1.03]
jer17_ST=[1.06,1.06,1.06]

l1pref_ZA=[1.008,1.010,1.012]
l1pref_ZA-EWK=[1.012,1.013,1.015]
l1pref_TTA=[1.006,1.011,1.008]
l1pref_VV=[1.009,1.016,1.004]
l1pref_ST=[1.005,1.000,1.001]

Sig_scale=[1.003,1.009,1.017]

Sig_pdf=[1.001,1.001,1.001]

ele_ZA_ID=[1.084,1.084,1.068]
ele_ZA-EWK_ID=[1.087,1.100,1.087]
ele_TTA_ID=[1.083,1.083,1.083]
ele_VV_ID=[1.082,1.082,1.082]
ele_ST_ID=[1.028,1.000,1.028]

ele_ZA_reco=[1.010,1.010,1.010]
ele_ZA-EWK_reco=[1.010,1.010,1.010]
ele_TTA_reco=[1.010,1.010,1.010]
ele_VV_reco=[1.010,1.010,1.010]
ele_ST_reco=[1.010,1.000,1.010]

muon_ZA_all=[1.013,1.013,1.013]
muon_ZA-EWK_all=[1.013,1.013,1.013]
muon_TTA_all=[1.013,1.013,1.013]
muon_VV_all=[1.014,1.014,1.014]
muon_ST_all=[1.010,1.010,1.010]

muon_ZA_trigger=[1.007,1.007,1.007]
muon_ZA-EWK_trigger=[1.007,1.007,1.007]
muon_TTA_trigger=[1.006,1.006,1.006]
muon_VV_trigger=[1.010,1.010,1.010]
muon_ST_trigger=[1.006,1.006,1.006]

photon_ZA_ID=[1.028,1.029,1.030]
photon_ZA-EWK_ID=[1.030,1.030,1.030]
photon_TTA_ID=[1.034,1.034,1.034]
photon_VV_ID=[1.030,1.030,1.030]
photon_ST_ID=[1.024,1.024,1.024]

pu_ZA=[1.000,1.011,1.006]
pu_ewk=[1.010,1.004,1.008]
pu_TTA=[1.014,1.007,1.023]
pu_VV=[1.012,1.000,1.042]
pu_ST=[1.020,1.149,1.239]

ZA_eff=[1.011,1.010,1.010]
ZA-EWK_eff=[1.005,1.005,1.005]
TTA_eff=[1.005,1.005,1.005]
VV_eff=[1.018,1.018,1.018]
ST_eff=[1.002,1.002,1.002]

ZA_mis=[1.120,1.086,1.104]
ZA-EWK_mis=[1.018,1.012,1.015]
TTA_mis=[1.002,1.002,1.002]
VV_mis=[1.096,1.096,1.096]
ST_mis=[1.000,1.000,1.000]

