fake16=[1.201,1.210,1.198]

interf16=[1.253,1.213,1.208]

QCD_pdf=[1.012,1.011,1.011]

QCD_scale=[1.119,1.118,1.120]

scale_muR1=[1.006,1.004,1.006]
scale_muF1=[1.119,1.113,1.112]
scale_muFmuR=[1.113,1.118,1.120]

QCD_scale_up=[0.992,1.003,1.006]

QCD_scale_down=[1.004,0.994,0.994]

jes16_ZA=[1.09,1.08,1.08]
jes16_ZA-EWK=[1.05,1.03,1.02]
jes16_TTA=[1.03,1.03,1.03]
jes16_VV=[1.09,1.09,1.09]
jes16_ST=[1.10,1.10,1.00]

jer16_ZA=[1.05,1.05,1.03]
jer16_ZA-EWK=[1.05,1.03,1.01]
jer16_TTA=[1.03,1.03,1.03]
jer16_VV=[1.04,1.04,1.04]
jer16_ST=[1.10,1.10,1.00]

l1pref_ZA=[1.005,1.006,1.007]
l1pref_ZA-EWK=[1.007,1.008,1.010]
l1pref_TTA=[1.003,1.005,1.000]
l1pref_VV=[1.007,1.008,1.002]
l1pref_ST=[1.000,1.000,1.000]

Sig_scale=[1.007,1.003,1.013]

Sig_pdf=[1.039,1.038,1.037]

ele_ZA_ID=[1.064,1.070,1.057]
ele_ZA-EWK_ID=[1.068,1.065,1.058]
ele_TTA_ID=[1.070,1.070,1.070]
ele_VV_ID=[1.166,1.166,1.166]
ele_ST_ID=[1.000,1.000,1.000]

ele_ZA_reco=[1.011,1.012,1.011]
ele_ZA-EWK_reco=[1.012,1.011,1.011]
ele_TTA_reco=[1.009,1.009,1.009]
ele_VV_reco=[1.020,1.020,1.020]
ele_ST_reco=[1.000,1.000,1.000]

muon_ZA_all=[1.022,1.023,1.023]
muon_ZA-EWK_all=[1.023,1.022,1.023]
muon_TTA_all=[1.021,1.021,1.021]
muon_VV_all=[1.022,1.022,1.022]
muon_ST_all=[1.000,1.000,1.000]

muon_ZA_trigger=[1.006,1.003,1.009]
muon_ZA-EWK_trigger=[1.004,1.010,1.006]
muon_TTA_trigger=[1.012,1.012,1.012]
muon_VV_trigger=[1.020,1.020,1.020]
muon_ST_trigger=[1.000,1.000,1.000]

photon_ZA_ID=[1.024,1.024,1.025]
photon_ZA-EWK_ID=[1.024,1.025,1.025]
photon_TTA_ID=[1.029,1.029,1.029]
photon_VV_ID=[1.019,1.019,1.019]
photon_ST_ID=[1.000,1.000,1.000]

pu_ZA=[1.005,1.001,1.003]
pu_ZA-EWK=[1.005,1.003,1.004]
pu_TTA=[1.005,1.004,1.008]
pu_VV=[1.085,1.015,1.055]
pu_ST=[1.000,1.000,1.000]

ZA_eff=[1.004,1.004,1.003]
ZA-EWK_eff=[1.002,1.002,1.001]
TTA_eff=[1.001,1.001,1.001]
VV_eff=[1.001,1.001,1.001]
ST_eff=[1.000,1.000,1.000]

ZA_mis=[1.072,1.062,1.049]
ZA-EWK_mis=[1.024,1.018,1.011]
TTA_mis=[1.003,1.003,1.003]
VV_mis=[1.000,1.000,1.000]
ST_mis=[1.000,1.000,1.000]

