fake16=[1.226,1.237,1.208]

interf16=[1.260,1.224,1.210]

QCD_pdf=[1.012,1.011,1.011]

QCD_scale=[1.118,1.126,1.127]

scale_muR1=[1.002,1.009,1.010]
scale_muF1=[1.118,1.117,1.116]
scale_muFmuR=[1.117,1.126,1.127]

QCD_scale_up=[0.996,1.008,1.010]

QCD_scale_down=[1.000,0.990,0.990]

jes16_ZA=[1.07,1.08,1.09]
jes16_ZA-EWK=[1.01,1.01,1.03]
jes16_TTA=[1.02,1.02,1.02]
jes16_VV=[1.02,1.02,1.02]
jes16_ST=[1.05,1.05,1.00]

jer16_ZA=[1.03,1.06,1.05]
jer16_ZA-EWK=[1.01,1.01,1.02]
jer16_TTA=[1.02,1.02,1.02]
jer16_VV=[1.07,1.07,1.07]
jer16_ST=[1.04,1.04,1.00]

l1pref_ZA=[1.011,1.012,1.013]
l1pref_ZA-EWK=[1.015,1.017,1.017]
l1pref_TTA=[1.012,1.017,1.011]
l1pref_VV=[1.014,1.014,1.003]
l1pref_ST=[1.010,1.014,1.000]

Sig_scale=[1.006,1.003,1.013]

Sig_pdf=[1.038,1.038,1.037]

ele_ZA_ID=[1.065,1.071,1.054]
ele_ZA-EWK_ID=[1.068,1.065,1.058]
ele_TTA_ID=[1.067,1.067,1.067]
ele_VV_ID=[1.144,1.144,1.144]
ele_ST_ID=[1.017,1.017,1.000]

ele_ZA_reco=[1.011,1.012,1.011]
ele_ZA-EWK_reco=[1.011,1.011,1.011]
ele_TTA_reco=[1.009,1.009,1.009]
ele_VV_reco=[1.018,1.018,1.018]
ele_ST_reco=[1.008,1.008,1.000]

muon_ZA_all=[1.022,1.023,1.023]
muon_ZA-EWK_all=[1.023,1.022,1.023]
muon_TTA_all=[1.021,1.021,1.021]
muon_VV_all=[1.023,1.023,1.023]
muon_ST_all=[1.021,1.021,1.000]

muon_ZA_trigger=[1.018,1.019,1.024]
muon_ZA-EWK_trigger=[1.006,1.011,1.008]
muon_TTA_trigger=[1.008,1.008,1.008]
muon_VV_trigger=[1.056,1.056,1.056]
muon_ST_trigger=[1.006,1.006,1.000]

photon_ZA_ID=[1.024,1.024,1.025]
photon_ZA-EWK_ID=[1.024,1.025,1.025]
photon_TTA_ID=[1.029,1.029,1.029]
photon_VV_ID=[1.025,1.025,1.025]
photon_ST_ID=[1.023,1.023,1.000]

pu_ZA=[1.004,1.012,1.015]
pu_ewk=[1.004,1.003,1.003]
pu_TTA=[1.005,1.002,1.003]
pu_VV=[1.093,1.015,1.055]
pu_ST=[1.010,1.135,1.000]

ZA_eff=[1.010,1.013,1.005]
ZA-EWK_eff=[1.008,1.004,1.005]
TTA_eff=[1.005,1.005,1.005]
VV_eff=[1.004,1.004,1.004]
ST_eff=[1.029,1.029,1.029]

ZA_mis=[1.102,1.120,1.059]
ZA-EWK_mis=[1.036,1.005,1.007]
TTA_mis=[1.007,1.007,1.007]
VV_mis=[1.000,1.000,1.000]
ST_mis=[1.197,1.197,1.197]

