fake16=[1.126,1.138,1.126]

interf16=[1.262,1.236,1.204]

QCD_pdf=[1.012,1.011,1.010]

QCD_scale=[1.123,1.131,1.133]

scale_band1=[1.003,1.006,1.012]
scale_band2=[1.123,1.124,1.120]
scale_band3=[1.120,1.131,1.133]

QCD_scale_up=[0.995,1.005,1.013]

QCD_scale_down=[1.001,0.993,0.989]

jes16_ZA=[1.07,1.07,1.00]
jes16_ZA-EWK=[1.02,1.03,1.00]
jes16_TTA=[1.02,1.02,1.00]
jes16_VV=[1.06,1.06,1.00]
jes16_ST=[1.08,1.08,1.00]

jer16_ZA=[1.03,1.06,1.06]
jer16_ZA-EWK=[1.01,1.01,1.02]
jer16_TTA=[1.02,1.02,1.02]
jer16_VV=[1.08,1.08,1.08]
jer16_ST=[1.12,1.12,1.00]

l1pref16=[1.006,1.007,1.006]

Sig_scale=[1.007,1.003,1.012]

Sig_pdf=[1.038,1.038,1.037]

ele_ID=[1.060]
ele_reco=[1.011]
muon_all=[1.022]
muon_trigger=[1.020]
photon_ID=[1.024]
