fake18=[1.285,1.298,1.303]

interf18=[1.173,1.178,1.147]

QCD_pdf=[1.012,1.011,1.011]

QCD_scale=[1.131,1.129,1.125]

scale_muR1=[1.001,1.005,1.013]
scale_muF1=[1.131,1.124,1.110]
scale_muFmuR=[1.131,1.129,1.125]

QCD_scale_up=[0.997,1.004,1.014]

QCD_scale_down=[0.999,0.995,0.987]

jes18_ZA=[1.23,1.18,1.22]
jes18_ZA-EWK=[1.13,1.09,1.07]
jes18_TTA=[1.09,1.09,1.09]
jes18_VV=[1.12,1.12,1.12]
jes18_ST=[1.17,1.17,1.17]

jer18_ZA=[1.19,1.17,1.15]
jer18_ZA-EWK=[1.12,1.09,1.06]
jer18_TTA=[1.08,1.08,1.08]
jer18_VV=[1.12,1.12,1.12]
jer18_ST=[1.12,1.12,1.12]

Sig_scale=[1.002,1.010,1.020]

Sig_pdf=[1.001,1.001,1.001]

ele_ZA_ID=[1.070,1.078,1.071]
ele_ZA-EWK_ID=[1.074,1.072,1.075]
ele_TTA_ID=[1.096,1.096,1.096]
ele_VV_ID=[1.087,1.087,1.087]
ele_ST_ID=[1.174,1.174,1.174]

ele_ZA_reco=[1.006,1.006,1.006]
ele_ZA-EWK_reco=[1.006,1.006,1.006]
ele_TTA_reco=[1.004,1.004,1.004]
ele_VV_reco=[1.005,1.005,1.005]
ele_ST_reco=[1.004,1.004,1.004]

muon_ZA_all=[1.006,1.006,1.006]
muon_ZA-EWK_all=[1.006,1.006,1.006]
muon_TTA_all=[1.006,1.006,1.006]
muon_VV_all=[1.006,1.006,1.006]
muon_ST_all=[1.005,1.005,1.005]

muon_ZA_trigger=[1.007,1.007,1.007]
muon_ZA-EWK_trigger=[1.006,1.006,1.006]
muon_TTA_trigger=[1.006,1.006,1.006]
muon_VV_trigger=[1.007,1.007,1.007]
muon_ST_trigger=[1.006,1.006,1.006]

photon_ZA_ID=[1.028,1.028,1.029]
photon_ZA-EWK_ID=[1.028,1.028,1.027]
photon_TTA_ID=[1.028,1.028,1.028]
photon_VV_ID=[1.029,1.029,1.029]
photon_ST_ID=[1.032,1.032,1.032]

pu_ZA=[1.081,1.087,1.090]
pu_ZA-EWK=[1.070,1.072,1.066]
pu_TTA=[1.071,1.067,1.110]
pu_VV=[1.081,1.060,1.086]
pu_ST=[1.029,1.082,1.110]

ZA_eff=[1.004,1.005,1.002]
ZA-EWK_eff=[1.004,1.004,1.003]
TTA_eff=[1.003,1.003,1.003]
VV_eff=[1.005,1.005,1.005]
ST_eff=[1.002,1.002,1.002]

ZA_mis=[1.031,1.033,1.021]
ZA-EWK_mis=[1.009,1.004,1.005]
TTA_mis=[1.006,1.006,1.006]
VV_mis=[1.003,1.003,1.003]
ST_mis=[1.045,1.045,1.045]

