fake18=[1.087,1.086,1.091]

interf18=[1.179,1.175,1.169]

QCD_pdf=[1.012,1.011,1.010]

QCD_scale=[1.131,1.134,1.129]

scale_band1=[1.001,1.008,1.014]
scale_band2=[1.131,1.125,1.114]
scale_band3=[1.130,1.134,1.129]

QCD_scale_up=[0.997,1.008,1.013]

QCD_scale_down=[0.999,0.992,0.986]

jes18_ZA=[1.10,1.12,1.00]
jes18_ZA-EWK=[1.01,1.01,1.00]
jes18_TTA=[1.03,1.03,1.00]
jes18_VV=[1.05,1.05,1.00]
jes18_ST=[1.10,1.10,1.00]

jer18_ZA=[1.07,1.08,1.17]
jer18_ZA-EWK=[1.00,1.01,1.01]
jer18_TTA=[1.02,1.02,1.02]
jer18_VV=[1.05,1.05,1.05]
jer18_ST=[1.07,1.07,1.07]

Sig_scale=[1.002,1.005,1.019]

Sig_pdf=[1.001,1.002,1.001]

ele_ID=[1.067]
ele_reco=[1.006]
muon_all=[1.003]
muon_trigger=[1.010]

photon_ID=[1.028]
