fake17=[1.173,1.175,1.171]

interf17=[1.137,1.162,1.164]

QCD_pdf=[1.012,1.011,1.010]

QCD_scale=[1.153,1.156,1.155]

scale_band1=[1.004,1.015,1.014]
scale_band2=[1.149,1.140,1.140]
scale_band3=[1.153,1.156,1.155]

QCD_scale_up=[1.002,1.015,1.013]

QCD_scale_down=[0.995,0.985,0.986]

jes17_ZA=[1.23,1.29,1.26]
jes17_ZA-EWK=[1.13,1.10,1.11]
jes17_TTA=[1.51,1.51,1.51]
jes17_VV=[1.55,1.55,1.55]
jes17_ST=[1.02,1.02,1.02]

jer17_ZA=[1.21,1.24,1.20]
jer17_ZA-EWK=[1.13,1.09,1.12]
jer17_TTA=[1.71,1.71,1.71]
jer17_VV=[1.45,1.45,1.45]
jer17_ST=[1.10,1.10,1.10]

l1pref17=[1.009,1.010,1.011]

Sig_scale=[1.002,1.010,1.017]

Sig_pdf=[1.001,1.001,1.001]

ele_ID=[1.093]
ele_reco=[1.010]
muon_all=[1.012]
muon_trigger=[1.020]
photon_ID=[1.031]
ZA_eff=[1.008,1.008,1.007]
ZA-EWK_eff=[1.022,1.015,1.012]
TTA_eff=[1.012,1.012,1.012]
VV_eff=[1.027,1.027,1.027]
ST_eff=[1.011,1.011,1.011]

ZA_mis=[3.052,1.017,1.002]
ZA-EWK_mis=[1.004,1.001,1.001]
TTA_mis=[1.009,1.009,1.009]
VV_mis=[1.000,1.000,1.000]
ST_mis=[1.000,1.000,1.000]

