pt: 20 ~ 25
*	3	4	5	6	7	8
8	0.41
9	0.45	0.39
10	0.19	0.09	0.33
11	0.26	0.18	0.17	0.07
12	0.10	0.01	0.32	0.25	0.41
13	0.112	0.045	0.247	0.175	0.331	0.391
############################################################
pt: 25 ~ 30
*	3	4	5	6	7	8
8	1.18
9	1.03	1.07
10	0.76	0.75	0.97
11	0.66	0.62	0.77	0.29
12	0.83	0.82	1.00	0.56	0.30
13	1.196	1.242	1.497	1.093	0.903	0.770
############################################################
pt: 30 ~ 35
*	3	4	5	6	7	8
8	1.30
9	1.46	1.04
10	1.18	0.80	0.75
11	1.32	0.96	0.98	0.67
12	1.32	0.97	0.97	0.68	0.49
13	1.048	0.725	0.664	0.410	0.189	0.354
############################################################
pt: 35 ~ 50
*	3	4	5	6	7	8
8	0.40
9	0.35	0.53
10	0.64	0.93	1.06
11	0.63	0.90	1.01	0.95
12	0.64	0.89	0.98	1.02	0.91
13	0.586	0.791	0.860	0.878	0.772	0.636
############################################################
pt: 50 ~ 60
*	3	4	5	6	7	8
8	0.12
9	0.04	0.08
10	0.11	0.16	0.04
11	0.25	0.33	0.26	0.46
12	0.13	0.18	0.09	0.22	0.14
13	0.257	0.324	0.270	0.419	0.320	0.353
############################################################
pt: 60 ~ 400
*	3	4	5	6	7	8
8	0.31
9	0.36	0.23
10	0.38	0.27	0.14
11	0.39	0.31	0.19	0.31
12	0.34	0.26	0.16	0.26	0.40
13	0.333	0.256	0.099	0.258	0.380	0.425
############################################################
