0.050	23.750	0.000	23.756
0.100	8.083	0.000	4.669
0.150	4.688	0.000	2.359
0.200	4.333	0.000	2.536
0.250	-1.000	0.000	-1.000
0.300	4.167	0.000	2.441
0.350	6.375	0.000	4.551
0.400	6.125	0.000	4.376
0.450	5.500	0.000	3.200
0.500	21.000	0.000	21.020
0.550	2.182	0.000	0.659
0.600	1.163	0.000	0.241
0.650	1.062	0.000	0.166
0.700	0.638	0.000	0.078
0.750	0.574	0.000	0.060
0.800	0.828	0.000	0.103
0.850	0.774	0.000	0.082
0.900	0.591	0.000	0.057
0.950	0.662	0.000	0.059
1.000	0.626	0.000	0.050
1.050	0.687	0.000	0.059
1.100	0.673	0.000	0.056
1.150	0.610	0.000	0.049
1.200	0.631	0.000	0.047
1.250	0.692	0.000	0.049
1.300	0.546	0.000	0.039
1.350	0.612	0.000	0.043
1.400	0.676	0.000	0.048
1.450	0.708	0.000	0.055
1.500	0.665	0.000	0.045
1.550	0.626	0.000	0.043
1.600	0.626	0.000	0.044
1.650	0.678	0.000	0.046
1.700	0.595	0.000	0.042
1.750	0.558	0.000	0.035
1.800	0.632	0.000	0.040
1.850	0.687	0.000	0.042
1.900	0.659	0.000	0.044
1.950	0.623	0.000	0.037
2.000	0.645	0.000	0.042
2.050	0.673	0.000	0.046
2.100	0.627	0.000	0.038
2.150	0.598	0.000	0.039
2.200	0.583	0.000	0.037
2.250	0.624	0.000	0.042
2.300	0.541	0.000	0.032
2.350	0.548	0.000	0.035
2.400	0.628	0.000	0.041
2.450	0.584	0.000	0.038
2.500	0.630	0.000	0.040
2.550	0.587	0.000	0.034
2.600	0.577	0.000	0.034
2.650	0.601	0.000	0.038
2.700	0.578	0.000	0.032
2.750	0.519	0.000	0.033
2.800	0.547	0.000	0.033
2.850	0.633	0.000	0.038
2.900	0.603	0.000	0.034
2.950	0.609	0.000	0.038
3.000	0.638	0.000	0.034
3.050	0.576	0.000	0.033
3.100	0.571	0.000	0.032
3.150	0.553	0.000	0.032
3.200	0.568	0.000	0.038
3.250	0.553	0.000	0.032
3.300	0.534	0.000	0.031
3.350	0.611	0.000	0.035
3.400	0.557	0.000	0.032
3.450	0.580	0.000	0.034
3.500	0.602	0.000	0.036
3.550	0.565	0.000	0.035
3.600	0.549	0.000	0.035
3.650	0.624	0.000	0.037
3.700	0.519	0.000	0.033
3.750	0.588	0.000	0.038
3.800	0.570	0.000	0.040
3.850	0.479	0.000	0.032
3.900	0.545	0.000	0.031
3.950	0.566	0.000	0.034
4.000	0.581	0.000	0.037
4.050	0.570	0.000	0.036
4.100	0.548	0.000	0.035
4.150	0.450	0.000	0.029
4.200	0.540	0.000	0.033
4.250	0.466	0.000	0.030
4.300	0.468	0.000	0.030
4.350	0.489	0.000	0.029
4.400	0.495	0.000	0.030
4.450	0.491	0.000	0.031
4.500	0.564	0.000	0.034
4.550	0.566	0.000	0.036
4.600	0.453	0.000	0.028
4.650	0.507	0.000	0.030
4.700	0.467	0.000	0.028
4.750	0.467	0.000	0.028
4.800	0.534	0.000	0.035
4.850	0.447	0.000	0.030
4.900	0.500	0.000	0.034
4.950	0.480	0.000	0.035
5.000	0.512	0.000	0.034
5.050	0.474	0.000	0.031
5.100	0.481	0.000	0.031
5.150	0.488	0.000	0.032
5.200	0.463	0.000	0.030
5.250	0.456	0.000	0.030
5.300	0.388	0.000	0.026
5.350	0.460	0.000	0.031
5.400	0.438	0.000	0.033
5.450	0.420	0.000	0.029
5.500	0.456	0.000	0.033
5.550	0.490	0.000	0.033
5.600	0.436	0.000	0.032
5.650	0.377	0.000	0.026
5.700	0.419	0.000	0.029
5.750	0.395	0.000	0.027
5.800	0.398	0.000	0.030
5.850	0.447	0.000	0.032
5.900	0.414	0.000	0.034
5.950	0.399	0.000	0.031
6.000	0.436	0.000	0.031
6.050	0.400	0.000	0.028
6.100	0.348	0.000	0.027
6.150	0.365	0.000	0.027
6.200	0.333	0.000	0.024
6.250	0.354	0.000	0.028
6.300	0.412	0.000	0.027
6.350	0.381	0.000	0.030
6.400	0.403	0.000	0.028
6.450	0.342	0.000	0.025
6.500	0.402	0.000	0.029
6.550	0.323	0.000	0.027
6.600	0.291	0.000	0.024
6.650	0.294	0.000	0.025
6.700	0.373	0.000	0.028
6.750	0.369	0.000	0.028
6.800	0.309	0.000	0.025
6.850	0.310	0.000	0.025
6.900	0.335	0.000	0.027
6.950	0.290	0.000	0.024
7.000	0.356	0.000	0.030
7.050	0.296	0.000	0.025
7.100	0.299	0.000	0.025
7.150	0.278	0.000	0.022
7.200	0.345	0.000	0.027
7.250	0.303	0.000	0.024
7.300	0.293	0.000	0.024
7.350	0.300	0.000	0.026
7.400	0.291	0.000	0.024
7.450	0.225	0.000	0.020
7.500	0.305	0.000	0.024
7.550	0.261	0.000	0.023
7.600	0.279	0.000	0.025
7.650	0.297	0.000	0.028
7.700	0.304	0.000	0.025
7.750	0.254	0.000	0.022
7.800	0.278	0.000	0.024
7.850	0.231	0.000	0.023
7.900	0.272	0.000	0.023
7.950	0.257	0.000	0.024
8.000	0.268	0.000	0.023
8.050	0.276	0.000	0.024
8.100	0.215	0.000	0.022
8.150	0.183	0.000	0.020
8.200	0.214	0.000	0.020
8.250	0.212	0.000	0.022
8.300	0.229	0.000	0.023
8.350	0.177	0.000	0.018
8.400	0.210	0.000	0.022
8.450	0.206	0.000	0.022
8.500	0.214	0.000	0.021
8.550	0.183	0.000	0.021
8.600	0.213	0.000	0.022
8.650	0.236	0.000	0.023
8.700	0.172	0.000	0.020
8.750	0.205	0.000	0.021
8.800	0.175	0.000	0.019
8.850	0.170	0.000	0.019
8.900	0.179	0.000	0.020
8.950	0.185	0.000	0.020
9.000	0.157	0.000	0.019
9.050	0.185	0.000	0.020
9.100	0.149	0.000	0.018
9.150	0.178	0.000	0.019
9.200	0.145	0.000	0.018
9.250	0.146	0.000	0.018
9.300	0.122	0.000	0.016
9.350	0.139	0.000	0.016
9.400	0.154	0.000	0.019
9.450	0.137	0.000	0.017
9.500	0.159	0.000	0.019
9.550	0.109	0.000	0.016
9.600	0.144	0.000	0.018
9.650	0.117	0.000	0.016
9.700	0.097	0.000	0.015
9.750	0.123	0.000	0.017
9.800	0.124	0.000	0.016
9.850	0.137	0.000	0.017
9.900	0.132	0.000	0.017
9.950	0.111	0.000	0.016
10.000	0.117	0.000	0.015
10.050	0.131	0.000	0.017
10.100	0.091	0.000	0.015
10.150	0.113	0.000	0.016
10.200	0.084	0.000	0.014
10.250	0.116	0.000	0.016
10.300	0.101	0.000	0.015
10.350	0.076	0.000	0.013
10.400	0.072	0.000	0.013
10.450	0.080	0.000	0.013
10.500	0.087	0.000	0.013
10.550	0.073	0.000	0.013
10.600	0.106	0.000	0.015
10.650	0.070	0.000	0.012
10.700	0.055	0.000	0.011
10.750	0.080	0.000	0.013
10.800	0.079	0.000	0.013
10.850	0.080	0.000	0.013
10.900	0.092	0.000	0.014
10.950	0.078	0.000	0.013
11.000	0.093	0.000	0.015
11.050	0.046	0.000	0.010
11.100	0.055	0.000	0.011
11.150	0.086	0.000	0.014
11.200	0.073	0.000	0.012
11.250	0.065	0.000	0.012
11.300	0.089	0.000	0.015
11.350	0.067	0.000	0.012
11.400	0.076	0.000	0.014
11.450	0.067	0.000	0.013
11.500	0.077	0.000	0.014
11.550	0.053	0.000	0.011
11.600	0.048	0.000	0.010
11.650	0.067	0.000	0.012
11.700	0.047	0.000	0.010
11.750	0.037	0.000	0.009
11.800	0.038	0.000	0.010
11.850	0.051	0.000	0.011
11.900	0.048	0.000	0.010
11.950	0.038	0.000	0.010
12.000	0.045	0.000	0.010
12.050	0.042	0.000	0.010
12.100	0.033	0.000	0.008
12.150	0.040	0.000	0.010
12.200	0.051	0.000	0.011
12.250	0.043	0.000	0.010
12.300	0.030	0.000	0.008
12.350	0.030	0.000	0.008
12.400	0.032	0.000	0.008
12.450	0.033	0.000	0.008
12.500	0.032	0.000	0.008
12.550	0.036	0.000	0.009
12.600	0.040	0.000	0.010
12.650	0.037	0.000	0.009
12.700	0.027	0.000	0.008
12.750	0.032	0.000	0.009
12.800	0.028	0.000	0.008
12.850	0.029	0.000	0.008
12.900	0.029	0.000	0.008
12.950	0.020	0.000	0.007
13.000	0.017	0.000	0.006
13.050	0.031	0.000	0.009
13.100	0.010	0.000	0.005
13.150	0.028	0.000	0.008
13.200	0.011	0.000	0.005
13.250	0.021	0.000	0.007
13.300	0.017	0.000	0.006
13.350	0.032	0.000	0.009
13.400	0.021	0.000	0.007
13.450	0.025	0.000	0.008
13.500	0.039	0.000	0.010
13.550	0.015	0.000	0.006
13.600	0.018	0.000	0.006
13.650	0.030	0.000	0.008
13.700	0.012	0.000	0.005
13.750	0.022	0.000	0.007
13.800	0.036	0.000	0.009
13.850	0.016	0.000	0.006
13.900	0.014	0.000	0.006
13.950	0.012	0.000	0.005
14.000	0.009	0.000	0.005
14.050	0.011	0.000	0.005
14.100	0.016	0.000	0.006
14.150	0.011	0.000	0.005
14.200	0.012	0.000	0.005
14.250	0.011	0.000	0.005
14.300	0.007	0.000	0.004
14.350	0.012	0.000	0.005
14.400	0.007	0.000	0.004
14.450	0.012	0.000	0.005
14.500	0.007	0.000	0.004
14.550	0.007	0.000	0.004
14.600	0.010	0.000	0.005
14.650	0.010	0.000	0.005
14.700	0.011	0.000	0.005
14.750	0.009	0.000	0.005
14.800	0.007	0.000	0.004
14.850	0.009	0.000	0.005
14.900	0.008	0.000	0.005
14.950	0.007	0.000	0.004
15.000	0.004	0.000	0.003
