0.050	1.162	0.000	0.072
0.100	0.984	0.000	0.035
0.150	0.946	0.000	0.020
0.200	1.031	0.000	0.033
0.250	1.017	0.000	0.018
0.300	1.012	0.000	0.015
0.350	0.996	0.000	0.009
0.400	1.006	0.000	0.012
0.450	1.002	0.000	0.013
0.500	1.004	0.000	0.012
0.550	1.023	0.000	0.017
0.600	1.059	0.000	0.031
0.650	0.986	0.000	0.010
0.700	0.998	0.000	0.009
0.750	0.994	0.000	0.010
0.800	1.029	0.000	0.017
0.850	0.998	0.000	0.013
0.900	1.002	0.000	0.009
0.950	0.986	0.000	0.010
1.000	1.066	0.000	0.032
1.050	0.996	0.000	0.009
1.100	1.017	0.000	0.018
1.150	1.012	0.000	0.018
1.200	1.008	0.000	0.015
1.250	0.994	0.000	0.013
1.300	0.996	0.000	0.009
1.350	1.016	0.000	0.015
1.400	1.036	0.000	0.022
1.450	0.978	0.000	0.011
1.500	0.617	0.000	0.032
1.550	0.643	0.000	0.031
1.600	0.645	0.000	0.035
1.650	0.661	0.000	0.038
1.700	0.677	0.000	0.039
1.750	0.637	0.000	0.036
1.800	0.660	0.000	0.041
1.850	0.674	0.000	0.034
1.900	0.600	0.000	0.033
1.950	0.626	0.000	0.033
2.000	0.597	0.000	0.035
2.050	0.559	0.000	0.029
2.100	0.633	0.000	0.033
2.150	0.549	0.000	0.033
2.200	0.577	0.000	0.029
2.250	0.582	0.000	0.030
2.300	0.600	0.000	0.032
2.350	0.566	0.000	0.032
2.400	0.530	0.000	0.031
2.450	0.491	0.000	0.030
2.500	0.540	0.000	0.029
2.550	0.502	0.000	0.031
2.600	0.545	0.000	0.031
2.650	0.567	0.000	0.030
2.700	0.556	0.000	0.033
2.750	0.623	0.000	0.039
2.800	0.544	0.000	0.029
2.850	0.613	0.000	0.035
2.900	0.495	0.000	0.031
2.950	0.512	0.000	0.032
3.000	0.542	0.000	0.032
3.050	0.542	0.000	0.033
3.100	0.509	0.000	0.031
3.150	0.484	0.000	0.029
3.200	0.502	0.000	0.030
3.250	0.509	0.000	0.031
3.300	0.476	0.000	0.032
3.350	0.481	0.000	0.031
3.400	0.514	0.000	0.032
3.450	0.456	0.000	0.025
3.500	0.420	0.000	0.027
3.550	0.459	0.000	0.030
3.600	0.444	0.000	0.028
3.650	0.419	0.000	0.027
3.700	0.480	0.000	0.029
3.750	0.388	0.000	0.025
3.800	0.482	0.000	0.035
3.850	0.381	0.000	0.026
3.900	0.420	0.000	0.027
3.950	0.393	0.000	0.027
4.000	0.415	0.000	0.028
4.050	0.414	0.000	0.029
4.100	0.390	0.000	0.028
4.150	0.343	0.000	0.027
4.200	0.336	0.000	0.027
4.250	0.339	0.000	0.026
4.300	0.338	0.000	0.025
4.350	0.375	0.000	0.026
4.400	0.343	0.000	0.027
4.450	0.314	0.000	0.026
4.500	0.373	0.000	0.025
4.550	0.373	0.000	0.025
4.600	0.324	0.000	0.025
4.650	0.314	0.000	0.025
4.700	0.325	0.000	0.027
4.750	0.277	0.000	0.023
4.800	0.313	0.000	0.026
4.850	0.307	0.000	0.025
4.900	0.283	0.000	0.025
4.950	0.275	0.000	0.023
5.000	0.275	0.000	0.024
5.050	0.287	0.000	0.025
5.100	0.225	0.000	0.021
5.150	0.286	0.000	0.026
5.200	0.277	0.000	0.024
5.250	0.239	0.000	0.022
5.300	0.250	0.000	0.023
5.350	0.210	0.000	0.021
5.400	0.232	0.000	0.021
5.450	0.252	0.000	0.022
5.500	0.241	0.000	0.022
5.550	0.266	0.000	0.024
5.600	0.213	0.000	0.021
5.650	0.217	0.000	0.021
5.700	0.208	0.000	0.021
5.750	0.192	0.000	0.020
5.800	0.205	0.000	0.021
5.850	0.208	0.000	0.021
5.900	0.191	0.000	0.019
5.950	0.181	0.000	0.019
6.000	0.190	0.000	0.021
6.050	0.189	0.000	0.020
6.100	0.232	0.000	0.022
6.150	0.149	0.000	0.017
6.200	0.196	0.000	0.020
6.250	0.147	0.000	0.017
6.300	0.192	0.000	0.020
6.350	0.142	0.000	0.018
6.400	0.124	0.000	0.017
6.450	0.147	0.000	0.017
6.500	0.139	0.000	0.017
6.550	0.151	0.000	0.019
6.600	0.149	0.000	0.018
6.650	0.119	0.000	0.016
6.700	0.129	0.000	0.016
6.750	0.119	0.000	0.016
6.800	0.102	0.000	0.015
6.850	0.138	0.000	0.017
6.900	0.111	0.000	0.016
6.950	0.114	0.000	0.016
7.000	0.117	0.000	0.016
7.050	0.108	0.000	0.015
7.100	0.092	0.000	0.014
7.150	0.111	0.000	0.016
7.200	0.099	0.000	0.015
7.250	0.082	0.000	0.014
7.300	0.084	0.000	0.013
7.350	0.062	0.000	0.012
7.400	0.092	0.000	0.014
7.450	0.058	0.000	0.011
7.500	0.053	0.000	0.011
7.550	0.053	0.000	0.011
7.600	0.092	0.000	0.014
7.650	0.071	0.000	0.012
7.700	0.061	0.000	0.012
7.750	0.050	0.000	0.011
7.800	0.059	0.000	0.011
7.850	0.065	0.000	0.012
7.900	0.053	0.000	0.011
7.950	0.054	0.000	0.011
8.000	0.050	0.000	0.011
8.050	0.068	0.000	0.013
8.100	0.041	0.000	0.010
8.150	0.038	0.000	0.009
8.200	0.055	0.000	0.011
8.250	0.034	0.000	0.009
8.300	0.037	0.000	0.009
8.350	0.020	0.000	0.007
8.400	0.056	0.000	0.011
8.450	0.047	0.000	0.011
8.500	0.028	0.000	0.008
8.550	0.033	0.000	0.009
8.600	0.030	0.000	0.009
8.650	0.038	0.000	0.010
8.700	0.032	0.000	0.009
8.750	0.027	0.000	0.008
8.800	0.026	0.000	0.008
8.850	0.031	0.000	0.008
8.900	0.036	0.000	0.009
8.950	0.030	0.000	0.008
9.000	0.014	0.000	0.006
9.050	0.016	0.000	0.006
9.100	0.016	0.000	0.006
9.150	0.026	0.000	0.008
9.200	0.024	0.000	0.008
9.250	0.011	0.000	0.005
9.300	0.007	0.000	0.004
9.350	0.013	0.000	0.005
9.400	0.025	0.000	0.007
9.450	0.019	0.000	0.007
9.500	0.005	0.000	0.003
9.550	0.002	0.000	0.002
9.600	0.015	0.000	0.006
9.650	0.011	0.000	0.005
9.700	0.018	0.000	0.006
9.750	0.016	0.000	0.006
9.800	0.002	0.000	0.002
9.850	0.009	0.000	0.005
9.900	0.020	0.000	0.007
9.950	0.013	0.000	0.005
10.000	0.009	0.000	0.005
10.050	0.009	0.000	0.004
10.100	0.018	0.000	0.006
10.150	0.002	0.000	0.002
10.200	0.005	0.000	0.003
10.250	0.002	0.000	0.002
10.300	0.007	0.000	0.004
10.350	0.009	0.000	0.005
10.400	0.007	0.000	0.004
10.450	0.002	0.000	0.002
10.500	0.007	0.000	0.004
10.550	0.002	0.000	0.002
10.600	0.002	0.000	0.002
10.650	0.000	0.000	0.000
10.700	0.005	0.000	0.003
10.750	0.007	0.000	0.004
10.800	0.004	0.000	0.003
10.850	0.005	0.000	0.003
10.900	0.007	0.000	0.004
10.950	0.002	0.000	0.002
11.000	0.004	0.000	0.003
11.050	0.002	0.000	0.002
11.100	0.000	0.000	0.000
11.150	0.002	0.000	0.002
11.200	0.002	0.000	0.002
11.250	0.004	0.000	0.003
11.300	0.002	0.000	0.002
11.350	0.002	0.000	0.002
11.400	0.004	0.000	0.003
11.450	0.000	0.000	0.000
11.500	0.002	0.000	0.002
11.550	0.000	0.000	0.000
11.600	0.000	0.000	0.000
11.650	0.002	0.000	0.002
11.700	0.005	0.000	0.003
11.750	0.000	0.000	0.000
11.800	0.002	0.000	0.002
11.850	0.000	0.000	0.000
11.900	0.005	0.000	0.003
11.950	0.005	0.000	0.004
12.000	0.000	0.000	0.000
