pt range	total	half	sum	chiso
20~400		53	26.5	26	7.8494
20~400		53	26.5	26	7.8497
20~400		53	26.5	26	7.85
20~400		53	26.5	26	7.8503
20~400		53	26.5	26	7.8506
20~400		53	26.5	26	7.8509
20~400		53	26.5	26	7.8512
20~400		53	26.5	26	7.8515
20~400		53	26.5	26	7.8518
20~400		53	26.5	26	7.8521
20~400		53	26.5	26	7.8524
20~400		53	26.5	26	7.8527
20~400		53	26.5	26	7.853
20~400		53	26.5	26	7.8533
20~400		53	26.5	26	7.8536
20~400		53	26.5	26	7.8539
20~400		53	26.5	26	7.8542
20~400		53	26.5	26	7.8545
20~400		53	26.5	26	7.8548
20~400		53	26.5	26	7.8551
20~400		53	26.5	26	7.8554
20~400		53	26.5	26	7.8557
20~400		53	26.5	26	7.856
20~400		53	26.5	26	7.8563
20~400		53	26.5	26	7.8566
20~400		53	26.5	26	7.8569
20~400		53	26.5	26	7.8572
20~400		53	26.5	26	7.8575
20~400		53	26.5	26	7.8578
20~400		53	26.5	26	7.8581
20~400		53	26.5	26	7.8584
20~400		53	26.5	26	7.8587
20~400		53	26.5	26	7.859
20~400		53	26.5	26	7.8593
20~400		53	26.5	26	7.8596
20~400		53	26.5	26	7.8599
20~400		53	26.5	26	7.8602
20~400		53	26.5	26	7.8605
20~400		53	26.5	26	7.8608
20~400		53	26.5	26	7.8611
20~400		53	26.5	26	7.8614
20~400		53	26.5	26	7.8617
20~400		53	26.5	26	7.862
20~400		53	26.5	26	7.8623
20~400		53	26.5	26	7.8626
20~400		53	26.5	26	7.8629
20~400		53	26.5	26	7.8632
20~400		53	26.5	26	7.8635
20~400		53	26.5	26	7.8638
20~400		53	26.5	26	7.8641
20~400		53	26.5	26	7.8644
20~400		53	26.5	26	7.8647
20~400		53	26.5	26	7.865
20~400		53	26.5	26	7.8653
20~400		53	26.5	26	7.8656
20~400		53	26.5	26	7.8659
20~400		53	26.5	26	7.8662
20~400		53	26.5	26	7.8665
20~400		53	26.5	26	7.8668
20~400		53	26.5	26	7.8671
20~400		53	26.5	26	7.8674
20~400		53	26.5	26	7.8677
20~400		53	26.5	26	7.868
20~400		53	26.5	26	7.8683
20~400		53	26.5	26	7.8686
20~400		53	26.5	26	7.8689
20~400		53	26.5	26	7.8692
20~400		53	26.5	26	7.8695
20~400		53	26.5	26	7.8698
20~400		53	26.5	26	7.8701
20~400		53	26.5	26	7.8704
20~400		53	26.5	26	7.8707
20~400		53	26.5	26	7.871
20~400		53	26.5	26	7.8713
20~400		53	26.5	26	7.8716
20~400		53	26.5	26	7.8719
20~400		53	26.5	26	7.8722
20~400		53	26.5	26	7.8725
20~400		53	26.5	26	7.8728
20~400		53	26.5	26	7.8731
20~400		53	26.5	26	7.8734
20~400		53	26.5	26	7.8737
20~400		53	26.5	26	7.874
20~400		53	26.5	26	7.8743
20~400		53	26.5	26	7.8746
20~400		53	26.5	26	7.8749
20~400		53	26.5	26	7.8752
20~400		53	26.5	26	7.8755
20~400		53	26.5	26	7.8758
20~400		53	26.5	26	7.8761
20~400		53	26.5	26	7.8764
20~400		53	26.5	26	7.8767
20~400		53	26.5	26	7.877
20~400		53	26.5	26	7.8773
20~400		53	26.5	26	7.8776
20~400		53	26.5	26	7.8779
20~400		53	26.5	26	7.8782
20~400		53	26.5	26	7.8785
20~400		53	26.5	26	7.8788
20~400		53	26.5	26	7.8791
20~400		53	26.5	26	7.8794
20~400		53	26.5	26	7.8797
20~400		53	26.5	26	7.88
20~400		53	26.5	26	7.8803
20~400		53	26.5	26	7.8806
20~400		53	26.5	26	7.8809
20~400		53	26.5	26	7.8812
20~400		53	26.5	26	7.8815
20~400		53	26.5	26	7.8818
20~400		53	26.5	26	7.8821
20~400		53	26.5	26	7.8824
20~400		53	26.5	26	7.8827
20~400		53	26.5	26	7.883
20~400		53	26.5	26	7.8833
20~400		53	26.5	26	7.8836
20~400		53	26.5	26	7.8839
20~400		53	26.5	26	7.8842
20~400		53	26.5	26	7.8845
20~400		53	26.5	26	7.8848
20~400		53	26.5	26	7.8851
20~400		53	26.5	26	7.8854
20~400		53	26.5	26	7.8857
20~400		53	26.5	26	7.886
20~400		53	26.5	26	7.8863
20~400		53	26.5	26	7.8866
20~400		53	26.5	26	7.8869
20~400		53	26.5	26	7.8872
20~400		53	26.5	26	7.8875
20~400		53	26.5	26	7.8878
20~400		53	26.5	26	7.8881
20~400		53	26.5	26	7.8884
20~400		53	26.5	26	7.8887
20~400		53	26.5	26	7.889
20~400		53	26.5	26	7.8893
20~400		53	26.5	26	7.8896
20~400		53	26.5	26	7.8899
20~400		53	26.5	26	7.8902
20~400		53	26.5	26	7.8905
20~400		53	26.5	26	7.8908
20~400		53	26.5	26	7.8911
20~400		53	26.5	26	7.8914
20~400		53	26.5	26	7.8917
20~400		53	26.5	26	7.892
20~400		53	26.5	26	7.8923
20~400		53	26.5	26	7.8926
20~400		53	26.5	26	7.8929
20~400		53	26.5	26	7.8932
20~400		53	26.5	26	7.8935
20~400		53	26.5	26	7.8938
20~400		53	26.5	26	7.8941
20~400		53	26.5	26	7.8944
20~400		53	26.5	27	7.8947
20~400		53	26.5	27	7.895
20~400		53	26.5	27	7.8953
20~400		53	26.5	27	7.8956
20~400		53	26.5	27	7.8959
20~400		53	26.5	27	7.8962
20~400		53	26.5	27	7.8965
20~400		53	26.5	27	7.8968
20~400		53	26.5	27	7.8971
20~400		53	26.5	27	7.8974
20~400		53	26.5	27	7.8977
20~400		53	26.5	27	7.898
20~400		53	26.5	27	7.8983
20~400		53	26.5	27	7.8986
20~400		53	26.5	27	7.8989
20~400		53	26.5	27	7.8992
20~400		53	26.5	27	7.8995
20~400		53	26.5	27	7.8998
20~400		53	26.5	27	7.9001
20~400		53	26.5	27	7.9004
20~400		53	26.5	27	7.9007
20~400		53	26.5	27	7.901
20~400		53	26.5	27	7.9013
20~400		53	26.5	27	7.9016
20~400		53	26.5	27	7.9019
20~400		53	26.5	27	7.9022
20~400		53	26.5	27	7.9025
20~400		53	26.5	27	7.9028
20~400		53	26.5	27	7.9031
20~400		53	26.5	27	7.9034
20~400		53	26.5	27	7.9037
20~400		53	26.5	27	7.904
20~400		53	26.5	27	7.9043
20~400		53	26.5	27	7.9046
20~400		53	26.5	27	7.9049
20~400		53	26.5	27	7.9052
20~400		53	26.5	27	7.9055
20~400		53	26.5	27	7.9058
20~400		53	26.5	27	7.9061
20~400		53	26.5	27	7.9064
20~400		53	26.5	27	7.9067
20~400		53	26.5	27	7.907
20~400		53	26.5	27	7.9073
20~400		53	26.5	27	7.9076
20~400		53	26.5	27	7.9079
20~400		53	26.5	27	7.9082
20~400		53	26.5	27	7.9085
20~400		53	26.5	27	7.9088
20~400		53	26.5	27	7.9091
20~400		53	26.5	27	7.9094
20~400		53	26.5	27	7.9097
20~400		53	26.5	27	7.91
20~400		53	26.5	27	7.9103
20~400		53	26.5	27	7.9106
20~400		53	26.5	27	7.9109
20~400		53	26.5	27	7.9112
20~400		53	26.5	27	7.9115
20~400		53	26.5	27	7.9118
20~400		53	26.5	27	7.9121
20~400		53	26.5	27	7.9124
20~400		53	26.5	27	7.9127
20~400		53	26.5	27	7.913
20~400		53	26.5	27	7.9133
20~400		53	26.5	27	7.9136
20~400		53	26.5	27	7.9139
20~400		53	26.5	27	7.9142
20~400		53	26.5	27	7.9145
20~400		53	26.5	27	7.9148
20~400		53	26.5	27	7.9151
20~400		53	26.5	27	7.9154
20~400		53	26.5	27	7.9157
20~400		53	26.5	27	7.916
20~400		53	26.5	27	7.9163
20~400		53	26.5	27	7.9166
20~400		53	26.5	27	7.9169
20~400		53	26.5	27	7.9172
20~400		53	26.5	27	7.9175
20~400		53	26.5	27	7.9178
20~400		53	26.5	27	7.9181
20~400		53	26.5	27	7.9184
20~400		53	26.5	27	7.9187
20~400		53	26.5	27	7.919
20~400		53	26.5	27	7.9193
20~400		53	26.5	27	7.9196
20~400		53	26.5	27	7.9199
20~400		53	26.5	27	7.9202
20~400		53	26.5	27	7.9205
20~400		53	26.5	27	7.9208
20~400		53	26.5	27	7.9211
20~400		53	26.5	27	7.9214
20~400		53	26.5	27	7.9217
20~400		53	26.5	27	7.922
20~400		53	26.5	27	7.9223
20~400		53	26.5	27	7.9226
20~400		53	26.5	27	7.9229
20~400		53	26.5	27	7.9232
20~400		53	26.5	27	7.9235
20~400		53	26.5	27	7.9238
20~400		53	26.5	27	7.9241
20~400		53	26.5	27	7.9244
20~400		53	26.5	27	7.9247
20~400		53	26.5	27	7.925
20~400		53	26.5	27	7.9253
20~400		53	26.5	27	7.9256
20~400		53	26.5	27	7.9259
20~400		53	26.5	27	7.9262
20~400		53	26.5	27	7.9265
20~400		53	26.5	27	7.9268
20~400		53	26.5	27	7.9271
20~400		53	26.5	27	7.9274
20~400		53	26.5	27	7.9277
20~400		53	26.5	27	7.928
20~400		53	26.5	27	7.9283
20~400		53	26.5	27	7.9286
20~400		53	26.5	27	7.9289
20~400		53	26.5	27	7.9292
20~400		53	26.5	27	7.9295
20~400		53	26.5	27	7.9298
20~400		53	26.5	27	7.9301
20~400		53	26.5	27	7.9304
20~400		53	26.5	27	7.9307
20~400		53	26.5	27	7.931
20~400		53	26.5	27	7.9313
20~400		53	26.5	27	7.9316
20~400		53	26.5	27	7.9319
20~400		53	26.5	27	7.9322
20~400		53	26.5	27	7.9325
20~400		53	26.5	27	7.9328
20~400		53	26.5	27	7.9331
20~400		53	26.5	27	7.9334
20~400		53	26.5	27	7.9337
20~400		53	26.5	27	7.934
20~400		53	26.5	27	7.9343
20~400		53	26.5	27	7.9346
20~400		53	26.5	27	7.9349
20~400		53	26.5	27	7.9352
20~400		53	26.5	27	7.9355
20~400		53	26.5	27	7.9358
20~400		53	26.5	27	7.9361
20~400		53	26.5	27	7.9364
20~400		53	26.5	27	7.9367
20~400		53	26.5	27	7.937
20~400		53	26.5	27	7.9373
20~400		53	26.5	27	7.9376
20~400		53	26.5	27	7.9379
20~400		53	26.5	27	7.9382
20~400		53	26.5	27	7.9385
20~400		53	26.5	27	7.9388
20~400		53	26.5	27	7.9391
20~400		53	26.5	27	7.9394
20~400		53	26.5	27	7.9397
20~400		53	26.5	27	7.94
20~400		53	26.5	27	7.9403
20~400		53	26.5	27	7.9406
20~400		53	26.5	27	7.9409
20~400		53	26.5	27	7.9412
20~400		53	26.5	27	7.9415
20~400		53	26.5	27	7.9418
20~400		53	26.5	27	7.9421
20~400		53	26.5	27	7.9424
20~400		53	26.5	27	7.9427
20~400		53	26.5	27	7.943
20~400		53	26.5	27	7.9433
20~400		53	26.5	27	7.9436
20~400		53	26.5	27	7.9439
20~400		53	26.5	27	7.9442
20~400		53	26.5	27	7.9445
20~400		53	26.5	27	7.9448
20~400		53	26.5	27	7.9451
20~400		53	26.5	27	7.9454
20~400		53	26.5	27	7.9457
20~400		53	26.5	27	7.946
20~400		53	26.5	27	7.9463
20~400		53	26.5	27	7.9466
20~400		53	26.5	27	7.9469
20~400		53	26.5	27	7.9472
20~400		53	26.5	27	7.9475
20~400		53	26.5	27	7.9478
20~400		53	26.5	27	7.9481
20~400		53	26.5	27	7.9484
20~400		53	26.5	27	7.9487
20~400		53	26.5	27	7.949
20~400		53	26.5	27	7.9493
20~400		53	26.5	27	7.9496
20~400		53	26.5	27	7.9499
20~400		53	26.5	27	7.9502
20~400		53	26.5	27	7.9505
20~400		53	26.5	27	7.9508
20~400		53	26.5	27	7.9511
20~400		53	26.5	27	7.9514
20~400		53	26.5	27	7.9517
20~400		53	26.5	27	7.952
20~400		53	26.5	27	7.9523
20~400		53	26.5	27	7.9526
20~400		53	26.5	27	7.9529
20~400		53	26.5	27	7.9532
20~400		53	26.5	27	7.9535
20~400		53	26.5	27	7.9538
20~400		53	26.5	27	7.9541
20~400		53	26.5	27	7.9544
20~400		53	26.5	27	7.9547
20~400		53	26.5	27	7.955
20~400		53	26.5	27	7.9553
20~400		53	26.5	27	7.9556
20~400		53	26.5	27	7.9559
20~400		53	26.5	27	7.9562
20~400		53	26.5	27	7.9565
20~400		53	26.5	27	7.9568
20~400		53	26.5	27	7.9571
20~400		53	26.5	27	7.9574
20~400		53	26.5	27	7.9577
20~400		53	26.5	27	7.958
20~400		53	26.5	27	7.9583
20~400		53	26.5	27	7.9586
20~400		53	26.5	27	7.9589
20~400		53	26.5	27	7.9592
20~400		53	26.5	27	7.9595
20~400		53	26.5	27	7.9598
20~400		53	26.5	27	7.9601
20~400		53	26.5	27	7.9604
20~400		53	26.5	27	7.9607
20~400		53	26.5	27	7.961
20~400		53	26.5	27	7.9613
20~400		53	26.5	27	7.9616
20~400		53	26.5	27	7.9619
20~400		53	26.5	27	7.9622
20~400		53	26.5	27	7.9625
20~400		53	26.5	27	7.9628
20~400		53	26.5	27	7.9631
20~400		53	26.5	27	7.9634
20~400		53	26.5	27	7.9637
20~400		53	26.5	27	7.964
20~400		53	26.5	27	7.9643
20~400		53	26.5	27	7.9646
20~400		53	26.5	27	7.9649
20~400		53	26.5	27	7.9652
20~400		53	26.5	27	7.9655
20~400		53	26.5	27	7.9658
20~400		53	26.5	27	7.9661
20~400		53	26.5	27	7.9664
20~400		53	26.5	27	7.9667
20~400		53	26.5	27	7.967
20~400		53	26.5	27	7.9673
20~400		53	26.5	27	7.9676
20~400		53	26.5	27	7.9679
20~400		53	26.5	27	7.9682
20~400		53	26.5	27	7.9685
20~400		53	26.5	27	7.9688
20~400		53	26.5	27	7.9691
20~400		53	26.5	27	7.9694
20~400		53	26.5	27	7.9697
20~400		53	26.5	27	7.97
20~400		53	26.5	27	7.9703
20~400		53	26.5	27	7.9706
20~400		53	26.5	27	7.9709
20~400		53	26.5	27	7.9712
20~400		53	26.5	27	7.9715
20~400		53	26.5	27	7.9718
20~400		53	26.5	27	7.9721
20~400		53	26.5	27	7.9724
20~400		53	26.5	27	7.9727
20~400		53	26.5	27	7.973
20~400		53	26.5	27	7.9733
20~400		53	26.5	27	7.9736
20~400		53	26.5	27	7.9739
20~400		53	26.5	27	7.9742
20~400		53	26.5	27	7.9745
20~400		53	26.5	27	7.9748
20~400		53	26.5	27	7.9751
20~400		53	26.5	27	7.9754
20~400		53	26.5	27	7.9757
20~400		53	26.5	27	7.976
20~400		53	26.5	27	7.9763
20~400		53	26.5	27	7.9766
20~400		53	26.5	27	7.9769
20~400		53	26.5	27	7.9772
20~400		53	26.5	27	7.9775
20~400		53	26.5	27	7.9778
20~400		53	26.5	27	7.9781
20~400		53	26.5	27	7.9784
20~400		53	26.5	27	7.9787
20~400		53	26.5	27	7.979
20~400		53	26.5	27	7.9793
20~400		53	26.5	27	7.9796
20~400		53	26.5	27	7.9799
20~400		53	26.5	27	7.9802
20~400		53	26.5	27	7.9805
20~400		53	26.5	27	7.9808
20~400		53	26.5	27	7.9811
20~400		53	26.5	27	7.9814
20~400		53	26.5	27	7.9817
20~400		53	26.5	27	7.982
20~400		53	26.5	27	7.9823
20~400		53	26.5	27	7.9826
20~400		53	26.5	27	7.9829
20~400		53	26.5	27	7.9832
20~400		53	26.5	27	7.9835
20~400		53	26.5	27	7.9838
20~400		53	26.5	27	7.9841
20~400		53	26.5	27	7.9844
20~400		53	26.5	27	7.9847
20~400		53	26.5	27	7.985
20~400		53	26.5	27	7.9853
20~400		53	26.5	27	7.9856
20~400		53	26.5	27	7.9859
20~400		53	26.5	27	7.9862
20~400		53	26.5	27	7.9865
20~400		53	26.5	27	7.9868
20~400		53	26.5	27	7.9871
20~400		53	26.5	27	7.9874
20~400		53	26.5	27	7.9877
20~400		53	26.5	27	7.988
20~400		53	26.5	27	7.9883
20~400		53	26.5	27	7.9886
20~400		53	26.5	27	7.9889
20~400		53	26.5	27	7.9892
20~400		53	26.5	27	7.9895
20~400		53	26.5	27	7.9898
20~400		53	26.5	27	7.9901
20~400		53	26.5	27	7.9904
20~400		53	26.5	27	7.9907
20~400		53	26.5	27	7.991
20~400		53	26.5	27	7.9913
20~400		53	26.5	27	7.9916
20~400		53	26.5	27	7.9919
20~400		53	26.5	27	7.9922
20~400		53	26.5	27	7.9925
20~400		53	26.5	27	7.9928
20~400		53	26.5	27	7.9931
20~400		53	26.5	27	7.9934
20~400		53	26.5	27	7.9937
20~400		53	26.5	27	7.994
20~400		53	26.5	27	7.9943
20~400		53	26.5	27	7.9946
20~400		53	26.5	27	7.9949
20~400		53	26.5	27	7.9952
20~400		53	26.5	27	7.9955
20~400		53	26.5	27	7.9958
20~400		53	26.5	27	7.9961
20~400		53	26.5	27	7.9964
20~400		53	26.5	27	7.9967
20~400		53	26.5	27	7.997
20~400		53	26.5	27	7.9973
20~400		53	26.5	27	7.9976
20~400		53	26.5	27	7.9979
20~400		53	26.5	27	7.9982
20~400		53	26.5	27	7.9985
20~400		53	26.5	27	7.9988
20~400		53	26.5	27	7.9991
20~400		53	26.5	27	7.9994
20~400		53	26.5	27	7.9997
20~400		53	26.5	27	8
20~400		53	26.5	27	8.0003
20~400		53	26.5	27	8.0006
20~400		53	26.5	27	8.0009
20~400		53	26.5	27	8.0012
20~400		53	26.5	27	8.0015
20~400		53	26.5	27	8.0018
20~400		53	26.5	27	8.0021
20~400		53	26.5	27	8.0024
20~400		53	26.5	27	8.0027
20~400		53	26.5	27	8.003
20~400		53	26.5	27	8.0033
20~400		53	26.5	27	8.0036
20~400		53	26.5	27	8.0039
20~400		53	26.5	27	8.0042
20~400		53	26.5	27	8.0045
20~400		53	26.5	27	8.0048
20~400		53	26.5	27	8.0051
20~400		53	26.5	27	8.0054
20~400		53	26.5	27	8.0057
20~400		53	26.5	27	8.006
20~400		53	26.5	27	8.0063
20~400		53	26.5	27	8.0066
20~400		53	26.5	27	8.0069
20~400		53	26.5	27	8.0072
20~400		53	26.5	27	8.0075
20~400		53	26.5	27	8.0078
20~400		53	26.5	27	8.0081
20~400		53	26.5	27	8.0084
20~400		53	26.5	27	8.0087
20~400		53	26.5	27	8.009
20~400		53	26.5	27	8.0093
20~400		53	26.5	27	8.0096
20~400		53	26.5	27	8.0099
20~400		53	26.5	27	8.0102
20~400		53	26.5	27	8.0105
20~400		53	26.5	27	8.0108
20~400		53	26.5	27	8.0111
20~400		53	26.5	27	8.0114
20~400		53	26.5	27	8.0117
20~400		53	26.5	27	8.012
20~400		53	26.5	27	8.0123
20~400		53	26.5	27	8.0126
20~400		53	26.5	27	8.0129
20~400		53	26.5	27	8.0132
20~400		53	26.5	27	8.0135
20~400		53	26.5	27	8.0138
20~400		53	26.5	27	8.0141
20~400		53	26.5	27	8.0144
20~400		53	26.5	27	8.0147
20~400		53	26.5	27	8.015
20~400		53	26.5	27	8.0153
20~400		53	26.5	27	8.0156
20~400		53	26.5	27	8.0159
20~400		53	26.5	27	8.0162
20~400		53	26.5	27	8.0165
20~400		53	26.5	27	8.0168
20~400		53	26.5	27	8.0171
20~400		53	26.5	27	8.0174
20~400		53	26.5	27	8.0177
20~400		53	26.5	27	8.018
20~400		53	26.5	27	8.0183
20~400		53	26.5	27	8.0186
20~400		53	26.5	27	8.0189
20~400		53	26.5	27	8.0192
20~400		53	26.5	27	8.0195
20~400		53	26.5	27	8.0198
20~400		53	26.5	27	8.0201
20~400		53	26.5	27	8.0204
20~400		53	26.5	27	8.0207
20~400		53	26.5	27	8.021
20~400		53	26.5	27	8.0213
20~400		53	26.5	27	8.0216
20~400		53	26.5	27	8.0219
20~400		53	26.5	27	8.0222
20~400		53	26.5	27	8.0225
20~400		53	26.5	27	8.0228
20~400		53	26.5	27	8.0231
20~400		53	26.5	27	8.0234
20~400		53	26.5	27	8.0237
20~400		53	26.5	27	8.024
20~400		53	26.5	27	8.0243
20~400		53	26.5	27	8.0246
20~400		53	26.5	27	8.0249
20~400		53	26.5	27	8.0252
20~400		53	26.5	27	8.0255
20~400		53	26.5	27	8.0258
20~400		53	26.5	27	8.0261
20~400		53	26.5	27	8.0264
20~400		53	26.5	27	8.0267
20~400		53	26.5	27	8.027
20~400		53	26.5	27	8.0273
20~400		53	26.5	27	8.0276
20~400		53	26.5	27	8.0279
20~400		53	26.5	27	8.0282
20~400		53	26.5	27	8.0285
20~400		53	26.5	27	8.0288
20~400		53	26.5	27	8.0291
20~400		53	26.5	27	8.0294
20~400		53	26.5	27	8.0297
20~400		53	26.5	27	8.03
20~400		53	26.5	27	8.0303
20~400		53	26.5	27	8.0306
20~400		53	26.5	27	8.0309
20~400		53	26.5	27	8.0312
20~400		53	26.5	27	8.0315
20~400		53	26.5	27	8.0318
20~400		53	26.5	27	8.0321
20~400		53	26.5	27	8.0324
20~400		53	26.5	27	8.0327
20~400		53	26.5	27	8.033
20~400		53	26.5	27	8.0333
20~400		53	26.5	27	8.0336
20~400		53	26.5	27	8.0339
20~400		53	26.5	27	8.0342
20~400		53	26.5	27	8.0345
20~400		53	26.5	27	8.0348
20~400		53	26.5	27	8.0351
20~400		53	26.5	27	8.0354
20~400		53	26.5	27	8.0357
20~400		53	26.5	27	8.036
20~400		53	26.5	27	8.0363
20~400		53	26.5	27	8.0366
20~400		53	26.5	27	8.0369
20~400		53	26.5	27	8.0372
20~400		53	26.5	27	8.0375
20~400		53	26.5	27	8.0378
20~400		53	26.5	27	8.0381
20~400		53	26.5	27	8.0384
20~400		53	26.5	27	8.0387
20~400		53	26.5	27	8.039
20~400		53	26.5	27	8.0393
20~400		53	26.5	27	8.0396
20~400		53	26.5	27	8.0399
20~400		53	26.5	27	8.0402
20~400		53	26.5	27	8.0405
20~400		53	26.5	27	8.0408
20~400		53	26.5	27	8.0411
20~400		53	26.5	27	8.0414
20~400		53	26.5	27	8.0417
20~400		53	26.5	27	8.042
20~400		53	26.5	27	8.0423
20~400		53	26.5	27	8.0426
20~400		53	26.5	27	8.0429
20~400		53	26.5	27	8.0432
20~400		53	26.5	27	8.0435
20~400		53	26.5	27	8.0438
20~400		53	26.5	27	8.0441
20~400		53	26.5	27	8.0444
20~400		53	26.5	27	8.0447
20~400		53	26.5	27	8.045
20~400		53	26.5	27	8.0453
20~400		53	26.5	27	8.0456
20~400		53	26.5	27	8.0459
20~400		53	26.5	27	8.0462
20~400		53	26.5	27	8.0465
20~400		53	26.5	27	8.0468
20~400		53	26.5	27	8.0471
20~400		53	26.5	27	8.0474
20~400		53	26.5	27	8.0477
20~400		53	26.5	27	8.048
20~400		53	26.5	27	8.0483
20~400		53	26.5	27	8.0486
20~400		53	26.5	27	8.0489
20~400		53	26.5	27	8.0492
20~400		53	26.5	27	8.0495
20~400		53	26.5	27	8.0498
20~400		53	26.5	27	8.0501
20~400		53	26.5	27	8.0504
20~400		53	26.5	27	8.0507
20~400		53	26.5	27	8.051
20~400		53	26.5	27	8.0513
20~400		53	26.5	27	8.0516
20~400		53	26.5	27	8.0519
20~400		53	26.5	27	8.0522
20~400		53	26.5	27	8.0525
20~400		53	26.5	27	8.0528
20~400		53	26.5	27	8.0531
20~400		53	26.5	27	8.0534
20~400		53	26.5	27	8.0537
20~400		53	26.5	27	8.054
20~400		53	26.5	27	8.0543
20~400		53	26.5	27	8.0546
20~400		53	26.5	27	8.0549
20~400		53	26.5	27	8.0552
20~400		53	26.5	27	8.0555
20~400		53	26.5	27	8.0558
20~400		53	26.5	27	8.0561
20~400		53	26.5	27	8.0564
20~400		53	26.5	27	8.0567
20~400		53	26.5	27	8.057
20~400		53	26.5	27	8.0573
20~400		53	26.5	27	8.0576
20~400		53	26.5	27	8.0579
20~400		53	26.5	27	8.0582
20~400		53	26.5	27	8.0585
20~400		53	26.5	27	8.0588
20~400		53	26.5	27	8.0591
20~400		53	26.5	27	8.0594
20~400		53	26.5	27	8.0597
20~400		53	26.5	27	8.06
20~400		53	26.5	27	8.0603
20~400		53	26.5	27	8.0606
20~400		53	26.5	27	8.0609
20~400		53	26.5	27	8.0612
20~400		53	26.5	27	8.0615
20~400		53	26.5	27	8.0618
20~400		53	26.5	27	8.0621
20~400		53	26.5	27	8.0624
20~400		53	26.5	27	8.0627
20~400		53	26.5	27	8.063
20~400		53	26.5	27	8.0633
20~400		53	26.5	27	8.0636
20~400		53	26.5	27	8.0639
20~400		53	26.5	27	8.0642
20~400		53	26.5	27	8.0645
20~400		53	26.5	27	8.0648
20~400		53	26.5	27	8.0651
20~400		53	26.5	27	8.0654
20~400		53	26.5	27	8.0657
20~400		53	26.5	27	8.066
20~400		53	26.5	27	8.0663
20~400		53	26.5	27	8.0666
20~400		53	26.5	27	8.0669
20~400		53	26.5	27	8.0672
20~400		53	26.5	27	8.0675
20~400		53	26.5	27	8.0678
20~400		53	26.5	27	8.0681
20~400		53	26.5	27	8.0684
20~400		53	26.5	27	8.0687
20~400		53	26.5	27	8.069
20~400		53	26.5	27	8.0693
20~400		53	26.5	27	8.0696
20~400		53	26.5	27	8.0699
20~400		53	26.5	27	8.0702
20~400		53	26.5	27	8.0705
20~400		53	26.5	27	8.0708
