pt: 20 ~ 25
*	3	4	5	6	7	8
8	0.29
9	0.22	0.21
10	0.22	0.21	0.23
11	0.20	0.19	0.21	0.16
12	0.17	0.16	0.17	0.12	0.10
13	0.159	0.146	0.152	0.106	0.079	0.007
############################################################
pt: 25 ~ 30
*	3	4	5	6	7	8
8	0.03
9	0.02	0.15
10	0.06	0.04	0.08
11	0.04	0.06	0.02	0.04
12	0.03	0.06	0.01	0.02	0.49
13	0.016	0.107	0.054	0.054	0.098	0.103
############################################################
pt: 30 ~ 40
*	3	4	5	6	7	8
8	0.09
9	0.04	0.00
10	0.04	0.00	0.00
11	0.08	0.06	0.06	0.08
12	0.04	0.01	0.01	0.02	0.05
13	0.092	0.076	0.082	0.100	0.071	0.099
############################################################
pt: 40 ~ 60
*	3	4	5	6	7	8
8	0.24
9	0.20	0.24
10	0.19	0.22	0.22
11	0.20	0.23	0.23	0.12
12	0.20	0.23	0.23	0.13	0.23
13	0.185	0.207	0.204	0.115	0.198	0.147
############################################################
pt: 60 ~ 400
*	3	4	5	6	7	8
8	0.02
9	0.06	0.02
10	0.10	0.16	0.05
11	0.10	0.16	0.07	0.05
12	0.17	0.23	0.17	0.20	0.37
13	0.070	0.110	0.031	0.032	0.209	0.133
############################################################
