pt: 20 ~ 25
*	3	4	5	6	7	8
8	0.06
9	0.05	0.07
10	0.06	0.04	0.06
11	0.11	0.03	0.04	0.04
12	0.11	0.04	0.05	0.05	0.02
13	0.106	0.040	0.046	0.047	0.017	0.208
############################################################
pt: 25 ~ 30
*	3	4	5	6	7	8
8	0.11
9	0.08	0.04
10	0.08	0.03	0.01
11	0.14	0.06	0.10	0.12
12	0.13	0.06	0.09	0.11	0.06
13	0.126	0.057	0.088	0.104	0.051	0.153
############################################################
pt: 30 ~ 50
*	3	4	5	6	7	8
8	0.13
9	0.21	0.16
10	0.19	0.15	0.12
11	0.15	0.11	0.07	0.65
12	0.13	0.09	0.04	0.64	0.07
13	0.126	0.084	0.047	0.635	0.068	0.122
############################################################
pt: 50 ~ 400
*	3	4	5	6	7	8
8	0.04
9	0.06	0.00
10	0.10	0.05	0.11
11	0.13	0.11	0.03	0.13
12	0.12	0.10	0.02	0.11	0.16
13	0.177	0.163	0.076	0.195	0.252	0.319
############################################################
