pt range	total	half	sum	chiso
20~400		37	18.5	18	5.981
20~400		37	18.5	18	5.98125
20~400		37	18.5	18	5.9815
20~400		37	18.5	18	5.98175
20~400		37	18.5	18	5.982
20~400		37	18.5	18	5.98225
20~400		37	18.5	18	5.9825
20~400		37	18.5	18	5.98275
20~400		37	18.5	18	5.983
20~400		37	18.5	18	5.98325
20~400		37	18.5	18	5.9835
20~400		37	18.5	18	5.98375
20~400		37	18.5	18	5.984
20~400		37	18.5	18	5.98425
20~400		37	18.5	18	5.9845
20~400		37	18.5	18	5.98475
20~400		37	18.5	18	5.985
20~400		37	18.5	18	5.98525
20~400		37	18.5	18	5.9855
20~400		37	18.5	18	5.98575
20~400		37	18.5	18	5.986
20~400		37	18.5	18	5.98625
20~400		37	18.5	18	5.9865
20~400		37	18.5	18	5.98675
20~400		37	18.5	18	5.987
20~400		37	18.5	18	5.98725
20~400		37	18.5	18	5.9875
20~400		37	18.5	18	5.98775
20~400		37	18.5	18	5.988
20~400		37	18.5	18	5.98825
20~400		37	18.5	18	5.9885
20~400		37	18.5	18	5.98875
20~400		37	18.5	18	5.989
20~400		37	18.5	18	5.98925
20~400		37	18.5	18	5.9895
20~400		37	18.5	18	5.98975
20~400		37	18.5	18	5.99
20~400		37	18.5	18	5.99025
20~400		37	18.5	18	5.9905
20~400		37	18.5	18	5.99075
20~400		37	18.5	18	5.991
20~400		37	18.5	18	5.99125
20~400		37	18.5	18	5.9915
20~400		37	18.5	18	5.99175
20~400		37	18.5	18	5.992
20~400		37	18.5	18	5.99225
20~400		37	18.5	18	5.9925
20~400		37	18.5	18	5.99275
20~400		37	18.5	18	5.993
20~400		37	18.5	18	5.99325
20~400		37	18.5	18	5.9935
20~400		37	18.5	18	5.99375
20~400		37	18.5	18	5.994
20~400		37	18.5	18	5.99425
20~400		37	18.5	18	5.9945
20~400		37	18.5	18	5.99475
20~400		37	18.5	18	5.995
20~400		37	18.5	18	5.99525
20~400		37	18.5	18	5.9955
20~400		37	18.5	18	5.99575
20~400		37	18.5	18	5.996
20~400		37	18.5	18	5.99625
20~400		37	18.5	18	5.9965
20~400		37	18.5	18	5.99675
20~400		37	18.5	18	5.997
20~400		37	18.5	18	5.99725
20~400		37	18.5	18	5.9975
20~400		37	18.5	18	5.99775
20~400		37	18.5	18	5.998
20~400		37	18.5	18	5.99825
20~400		37	18.5	18	5.9985
20~400		37	18.5	18	5.99875
20~400		37	18.5	18	5.999
20~400		37	18.5	18	5.99925
20~400		37	18.5	18	5.9995
20~400		37	18.5	18	5.99975
20~400		37	18.5	18	6
20~400		37	18.5	18	6.00025
20~400		37	18.5	18	6.0005
20~400		37	18.5	18	6.00075
20~400		37	18.5	18	6.001
20~400		37	18.5	18	6.00125
20~400		37	18.5	18	6.0015
20~400		37	18.5	18	6.00175
20~400		37	18.5	18	6.002
20~400		37	18.5	18	6.00225
20~400		37	18.5	18	6.0025
20~400		37	18.5	18	6.00275
20~400		37	18.5	18	6.003
20~400		37	18.5	18	6.00325
20~400		37	18.5	18	6.0035
20~400		37	18.5	18	6.00375
20~400		37	18.5	18	6.004
20~400		37	18.5	18	6.00425
20~400		37	18.5	18	6.0045
20~400		37	18.5	18	6.00475
20~400		37	18.5	18	6.005
20~400		37	18.5	18	6.00525
20~400		37	18.5	18	6.0055
20~400		37	18.5	18	6.00575
20~400		37	18.5	18	6.006
20~400		37	18.5	18	6.00625
20~400		37	18.5	18	6.0065
20~400		37	18.5	18	6.00675
20~400		37	18.5	18	6.007
20~400		37	18.5	18	6.00725
20~400		37	18.5	18	6.0075
20~400		37	18.5	18	6.00775
20~400		37	18.5	18	6.008
20~400		37	18.5	18	6.00825
20~400		37	18.5	18	6.0085
20~400		37	18.5	18	6.00875
20~400		37	18.5	18	6.009
20~400		37	18.5	18	6.00925
20~400		37	18.5	18	6.0095
20~400		37	18.5	18	6.00975
20~400		37	18.5	18	6.01
20~400		37	18.5	18	6.01025
20~400		37	18.5	18	6.0105
20~400		37	18.5	18	6.01075
20~400		37	18.5	18	6.011
20~400		37	18.5	18	6.01125
20~400		37	18.5	18	6.0115
20~400		37	18.5	18	6.01175
20~400		37	18.5	18	6.012
20~400		37	18.5	18	6.01225
20~400		37	18.5	18	6.0125
20~400		37	18.5	18	6.01275
20~400		37	18.5	18	6.013
20~400		37	18.5	18	6.01325
20~400		37	18.5	18	6.0135
20~400		37	18.5	18	6.01375
20~400		37	18.5	18	6.014
20~400		37	18.5	18	6.01425
20~400		37	18.5	18	6.0145
20~400		37	18.5	18	6.01475
20~400		37	18.5	18	6.015
20~400		37	18.5	18	6.01525
20~400		37	18.5	18	6.0155
20~400		37	18.5	18	6.01575
20~400		37	18.5	18	6.016
20~400		37	18.5	18	6.01625
20~400		37	18.5	18	6.0165
20~400		37	18.5	18	6.01675
20~400		37	18.5	18	6.017
20~400		37	18.5	18	6.01725
20~400		37	18.5	18	6.0175
20~400		37	18.5	18	6.01775
20~400		37	18.5	18	6.018
20~400		37	18.5	18	6.01825
20~400		37	18.5	18	6.0185
20~400		37	18.5	18	6.01875
20~400		37	18.5	18	6.019
20~400		37	18.5	18	6.01925
20~400		37	18.5	18	6.0195
20~400		37	18.5	18	6.01975
20~400		37	18.5	18	6.02
20~400		37	18.5	18	6.02025
20~400		37	18.5	18	6.0205
20~400		37	18.5	18	6.02075
20~400		37	18.5	18	6.021
20~400		37	18.5	18	6.02125
20~400		37	18.5	18	6.0215
20~400		37	18.5	18	6.02175
20~400		37	18.5	18	6.022
20~400		37	18.5	18	6.02225
20~400		37	18.5	18	6.0225
20~400		37	18.5	18	6.02275
20~400		37	18.5	18	6.023
20~400		37	18.5	18	6.02325
20~400		37	18.5	18	6.0235
20~400		37	18.5	18	6.02375
20~400		37	18.5	18	6.024
20~400		37	18.5	18	6.02425
20~400		37	18.5	18	6.0245
20~400		37	18.5	18	6.02475
20~400		37	18.5	18	6.025
20~400		37	18.5	18	6.02525
20~400		37	18.5	18	6.0255
20~400		37	18.5	18	6.02575
20~400		37	18.5	18	6.026
20~400		37	18.5	18	6.02625
20~400		37	18.5	18	6.0265
20~400		37	18.5	18	6.02675
20~400		37	18.5	18	6.027
20~400		37	18.5	18	6.02725
20~400		37	18.5	18	6.0275
20~400		37	18.5	18	6.02775
20~400		37	18.5	18	6.028
20~400		37	18.5	18	6.02825
20~400		37	18.5	18	6.0285
20~400		37	18.5	18	6.02875
20~400		37	18.5	18	6.029
20~400		37	18.5	18	6.02925
20~400		37	18.5	18	6.0295
20~400		37	18.5	18	6.02975
20~400		37	18.5	18	6.03
20~400		37	18.5	18	6.03025
20~400		37	18.5	18	6.0305
20~400		37	18.5	18	6.03075
20~400		37	18.5	18	6.031
20~400		37	18.5	18	6.03125
20~400		37	18.5	18	6.0315
20~400		37	18.5	18	6.03175
20~400		37	18.5	18	6.032
20~400		37	18.5	18	6.03225
20~400		37	18.5	18	6.0325
20~400		37	18.5	18	6.03275
20~400		37	18.5	18	6.033
20~400		37	18.5	18	6.03325
20~400		37	18.5	18	6.0335
20~400		37	18.5	18	6.03375
20~400		37	18.5	18	6.034
20~400		37	18.5	18	6.03425
20~400		37	18.5	18	6.0345
20~400		37	18.5	18	6.03475
20~400		37	18.5	18	6.035
20~400		37	18.5	18	6.03525
20~400		37	18.5	18	6.0355
20~400		37	18.5	18	6.03575
20~400		37	18.5	18	6.036
20~400		37	18.5	18	6.03625
20~400		37	18.5	18	6.0365
20~400		37	18.5	18	6.03675
20~400		37	18.5	18	6.037
20~400		37	18.5	18	6.03725
20~400		37	18.5	18	6.0375
20~400		37	18.5	18	6.03775
20~400		37	18.5	18	6.038
20~400		37	18.5	18	6.03825
20~400		37	18.5	18	6.0385
20~400		37	18.5	18	6.03875
20~400		37	18.5	18	6.039
20~400		37	18.5	18	6.03925
20~400		37	18.5	18	6.0395
20~400		37	18.5	18	6.03975
20~400		37	18.5	18	6.04
20~400		37	18.5	18	6.04025
20~400		37	18.5	18	6.0405
20~400		37	18.5	18	6.04075
20~400		37	18.5	18	6.041
20~400		37	18.5	18	6.04125
20~400		37	18.5	18	6.0415
20~400		37	18.5	18	6.04175
20~400		37	18.5	18	6.042
20~400		37	18.5	18	6.04225
20~400		37	18.5	18	6.0425
20~400		37	18.5	18	6.04275
20~400		37	18.5	18	6.043
20~400		37	18.5	18	6.04325
20~400		37	18.5	18	6.0435
20~400		37	18.5	18	6.04375
20~400		37	18.5	18	6.044
20~400		37	18.5	18	6.04425
20~400		37	18.5	18	6.0445
20~400		37	18.5	18	6.04475
20~400		37	18.5	18	6.045
20~400		37	18.5	18	6.04525
20~400		37	18.5	18	6.0455
20~400		37	18.5	18	6.04575
20~400		37	18.5	18	6.046
20~400		37	18.5	18	6.04625
20~400		37	18.5	18	6.0465
20~400		37	18.5	18	6.04675
20~400		37	18.5	18	6.047
20~400		37	18.5	18	6.04725
20~400		37	18.5	18	6.0475
20~400		37	18.5	18	6.04775
20~400		37	18.5	18	6.048
20~400		37	18.5	18	6.04825
20~400		37	18.5	18	6.0485
20~400		37	18.5	18	6.04875
20~400		37	18.5	18	6.049
20~400		37	18.5	18	6.04925
20~400		37	18.5	18	6.0495
20~400		37	18.5	18	6.04975
20~400		37	18.5	18	6.05
20~400		37	18.5	18	6.05025
20~400		37	18.5	18	6.0505
20~400		37	18.5	18	6.05075
20~400		37	18.5	18	6.051
20~400		37	18.5	18	6.05125
20~400		37	18.5	18	6.0515
20~400		37	18.5	18	6.05175
20~400		37	18.5	18	6.052
20~400		37	18.5	18	6.05225
20~400		37	18.5	18	6.0525
20~400		37	18.5	18	6.05275
20~400		37	18.5	18	6.053
20~400		37	18.5	18	6.05325
20~400		37	18.5	18	6.0535
20~400		37	18.5	18	6.05375
20~400		37	18.5	18	6.054
20~400		37	18.5	18	6.05425
20~400		37	18.5	18	6.0545
20~400		37	18.5	18	6.05475
20~400		37	18.5	18	6.055
20~400		37	18.5	18	6.05525
20~400		37	18.5	18	6.0555
20~400		37	18.5	18	6.05575
20~400		37	18.5	18	6.056
20~400		37	18.5	18	6.05625
20~400		37	18.5	18	6.0565
20~400		37	18.5	18	6.05675
20~400		37	18.5	18	6.057
20~400		37	18.5	18	6.05725
20~400		37	18.5	18	6.0575
20~400		37	18.5	18	6.05775
20~400		37	18.5	18	6.058
20~400		37	18.5	18	6.05825
20~400		37	18.5	18	6.0585
20~400		37	18.5	18	6.05875
20~400		37	18.5	18	6.059
20~400		37	18.5	18	6.05925
20~400		37	18.5	18	6.0595
20~400		37	18.5	18	6.05975
20~400		37	18.5	18	6.06
20~400		37	18.5	18	6.06025
20~400		37	18.5	18	6.0605
20~400		37	18.5	18	6.06075
20~400		37	18.5	18	6.061
20~400		37	18.5	18	6.06125
20~400		37	18.5	18	6.0615
20~400		37	18.5	18	6.06175
20~400		37	18.5	18	6.062
20~400		37	18.5	18	6.06225
20~400		37	18.5	18	6.0625
20~400		37	18.5	18	6.06275
20~400		37	18.5	18	6.063
20~400		37	18.5	18	6.06325
20~400		37	18.5	18	6.0635
20~400		37	18.5	18	6.06375
20~400		37	18.5	18	6.064
20~400		37	18.5	18	6.06425
20~400		37	18.5	18	6.0645
20~400		37	18.5	18	6.06475
20~400		37	18.5	18	6.065
20~400		37	18.5	18	6.06525
20~400		37	18.5	18	6.0655
20~400		37	18.5	18	6.06575
20~400		37	18.5	18	6.066
20~400		37	18.5	18	6.06625
20~400		37	18.5	18	6.0665
20~400		37	18.5	18	6.06675
20~400		37	18.5	18	6.067
20~400		37	18.5	18	6.06725
20~400		37	18.5	18	6.0675
20~400		37	18.5	18	6.06775
20~400		37	18.5	18	6.068
20~400		37	18.5	18	6.06825
20~400		37	18.5	18	6.0685
20~400		37	18.5	18	6.06875
20~400		37	18.5	18	6.069
20~400		37	18.5	18	6.06925
20~400		37	18.5	18	6.0695
20~400		37	18.5	18	6.06975
20~400		37	18.5	18	6.07
20~400		37	18.5	18	6.07025
20~400		37	18.5	18	6.0705
20~400		37	18.5	18	6.07075
20~400		37	18.5	18	6.071
20~400		37	18.5	18	6.07125
20~400		37	18.5	18	6.0715
20~400		37	18.5	18	6.07175
20~400		37	18.5	18	6.072
20~400		37	18.5	18	6.07225
20~400		37	18.5	18	6.0725
20~400		37	18.5	18	6.07275
20~400		37	18.5	18	6.073
20~400		37	18.5	18	6.07325
20~400		37	18.5	18	6.0735
20~400		37	18.5	18	6.07375
20~400		37	18.5	18	6.074
20~400		37	18.5	18	6.07425
20~400		37	18.5	18	6.0745
20~400		37	18.5	18	6.07475
20~400		37	18.5	18	6.075
20~400		37	18.5	18	6.07525
20~400		37	18.5	18	6.0755
20~400		37	18.5	18	6.07575
20~400		37	18.5	18	6.076
20~400		37	18.5	18	6.07625
20~400		37	18.5	18	6.0765
20~400		37	18.5	18	6.07675
20~400		37	18.5	18	6.077
20~400		37	18.5	18	6.07725
20~400		37	18.5	18	6.0775
20~400		37	18.5	18	6.07775
20~400		37	18.5	18	6.078
20~400		37	18.5	18	6.07825
20~400		37	18.5	18	6.0785
20~400		37	18.5	18	6.07875
20~400		37	18.5	18	6.079
20~400		37	18.5	18	6.07925
20~400		37	18.5	18	6.0795
20~400		37	18.5	18	6.07975
20~400		37	18.5	18	6.08
20~400		37	18.5	18	6.08025
20~400		37	18.5	18	6.0805
20~400		37	18.5	18	6.08075
20~400		37	18.5	18	6.081
20~400		37	18.5	18	6.08125
20~400		37	18.5	18	6.0815
20~400		37	18.5	18	6.08175
20~400		37	18.5	18	6.082
20~400		37	18.5	18	6.08225
20~400		37	18.5	18	6.0825
20~400		37	18.5	18	6.08275
20~400		37	18.5	18	6.083
20~400		37	18.5	18	6.08325
20~400		37	18.5	18	6.0835
20~400		37	18.5	18	6.08375
20~400		37	18.5	18	6.084
20~400		37	18.5	18	6.08425
20~400		37	18.5	18	6.0845
20~400		37	18.5	18	6.08475
20~400		37	18.5	18	6.085
20~400		37	18.5	18	6.08525
20~400		37	18.5	18	6.0855
20~400		37	18.5	18	6.08575
20~400		37	18.5	18	6.086
20~400		37	18.5	18	6.08625
20~400		37	18.5	18	6.0865
20~400		37	18.5	18	6.08675
20~400		37	18.5	18	6.087
20~400		37	18.5	18	6.08725
20~400		37	18.5	18	6.0875
20~400		37	18.5	18	6.08775
20~400		37	18.5	18	6.088
20~400		37	18.5	18	6.08825
20~400		37	18.5	18	6.0885
20~400		37	18.5	18	6.08875
20~400		37	18.5	18	6.089
20~400		37	18.5	18	6.08925
20~400		37	18.5	18	6.0895
20~400		37	18.5	18	6.08975
20~400		37	18.5	18	6.09
20~400		37	18.5	18	6.09025
20~400		37	18.5	18	6.0905
20~400		37	18.5	18	6.09075
20~400		37	18.5	18	6.091
20~400		37	18.5	18	6.09125
20~400		37	18.5	18	6.0915
20~400		37	18.5	18	6.09175
20~400		37	18.5	18	6.092
20~400		37	18.5	18	6.09225
20~400		37	18.5	18	6.0925
20~400		37	18.5	18	6.09275
20~400		37	18.5	18	6.093
20~400		37	18.5	18	6.09325
20~400		37	18.5	18	6.0935
20~400		37	18.5	18	6.09375
20~400		37	18.5	18	6.094
20~400		37	18.5	18	6.09425
20~400		37	18.5	18	6.0945
20~400		37	18.5	18	6.09475
20~400		37	18.5	18	6.095
20~400		37	18.5	18	6.09525
20~400		37	18.5	18	6.0955
20~400		37	18.5	18	6.09575
20~400		37	18.5	18	6.096
20~400		37	18.5	18	6.09625
20~400		37	18.5	18	6.0965
20~400		37	18.5	18	6.09675
20~400		37	18.5	18	6.097
20~400		37	18.5	18	6.09725
20~400		37	18.5	18	6.0975
20~400		37	18.5	18	6.09775
20~400		37	18.5	18	6.098
20~400		37	18.5	18	6.09825
20~400		37	18.5	18	6.0985
20~400		37	18.5	18	6.09875
20~400		37	18.5	18	6.099
20~400		37	18.5	18	6.09925
20~400		37	18.5	18	6.0995
20~400		37	18.5	18	6.09975
20~400		37	18.5	18	6.1
20~400		37	18.5	18	6.10025
20~400		37	18.5	18	6.1005
20~400		37	18.5	18	6.10075
20~400		37	18.5	18	6.101
20~400		37	18.5	18	6.10125
20~400		37	18.5	18	6.1015
20~400		37	18.5	18	6.10175
20~400		37	18.5	18	6.102
20~400		37	18.5	18	6.10225
20~400		37	18.5	18	6.1025
20~400		37	18.5	18	6.10275
20~400		37	18.5	18	6.103
20~400		37	18.5	18	6.10325
20~400		37	18.5	18	6.1035
20~400		37	18.5	18	6.10375
20~400		37	18.5	18	6.104
20~400		37	18.5	18	6.10425
20~400		37	18.5	18	6.1045
20~400		37	18.5	18	6.10475
20~400		37	18.5	18	6.105
20~400		37	18.5	18	6.10525
20~400		37	18.5	18	6.1055
20~400		37	18.5	18	6.10575
20~400		37	18.5	18	6.106
20~400		37	18.5	18	6.10625
20~400		37	18.5	18	6.1065
20~400		37	18.5	18	6.10675
20~400		37	18.5	18	6.107
20~400		37	18.5	18	6.10725
20~400		37	18.5	18	6.1075
20~400		37	18.5	18	6.10775
20~400		37	18.5	18	6.108
20~400		37	18.5	18	6.10825
20~400		37	18.5	18	6.1085
20~400		37	18.5	18	6.10875
20~400		37	18.5	18	6.109
20~400		37	18.5	18	6.10925
20~400		37	18.5	18	6.1095
20~400		37	18.5	18	6.10975
20~400		37	18.5	18	6.11
20~400		37	18.5	18	6.11025
20~400		37	18.5	18	6.1105
20~400		37	18.5	18	6.11075
20~400		37	18.5	18	6.111
20~400		37	18.5	18	6.11125
20~400		37	18.5	18	6.1115
20~400		37	18.5	18	6.11175
20~400		37	18.5	18	6.112
20~400		37	18.5	18	6.11225
20~400		37	18.5	18	6.1125
20~400		37	18.5	18	6.11275
20~400		37	18.5	18	6.113
20~400		37	18.5	18	6.11325
20~400		37	18.5	18	6.1135
20~400		37	18.5	18	6.11375
20~400		37	18.5	18	6.114
20~400		37	18.5	18	6.11425
20~400		37	18.5	18	6.1145
20~400		37	18.5	18	6.11475
20~400		37	18.5	18	6.115
20~400		37	18.5	18	6.11525
20~400		37	18.5	18	6.1155
20~400		37	18.5	18	6.11575
20~400		37	18.5	18	6.116
20~400		37	18.5	18	6.11625
20~400		37	18.5	18	6.1165
20~400		37	18.5	18	6.11675
20~400		37	18.5	18	6.117
20~400		37	18.5	18	6.11725
20~400		37	18.5	18	6.1175
20~400		37	18.5	18	6.11775
20~400		37	18.5	18	6.118
20~400		37	18.5	18	6.11825
20~400		37	18.5	18	6.1185
20~400		37	18.5	18	6.11875
20~400		37	18.5	18	6.119
20~400		37	18.5	18	6.11925
20~400		37	18.5	18	6.1195
20~400		37	18.5	18	6.11975
20~400		37	18.5	18	6.12
20~400		37	18.5	18	6.12025
20~400		37	18.5	18	6.1205
20~400		37	18.5	18	6.12075
20~400		37	18.5	18	6.121
20~400		37	18.5	18	6.12125
20~400		37	18.5	18	6.1215
20~400		37	18.5	18	6.12175
20~400		37	18.5	18	6.122
20~400		37	18.5	18	6.12225
20~400		37	18.5	18	6.1225
20~400		37	18.5	18	6.12275
20~400		37	18.5	18	6.123
20~400		37	18.5	18	6.12325
20~400		37	18.5	18	6.1235
20~400		37	18.5	18	6.12375
20~400		37	18.5	18	6.124
20~400		37	18.5	18	6.12425
20~400		37	18.5	18	6.1245
20~400		37	18.5	18	6.12475
20~400		37	18.5	18	6.125
20~400		37	18.5	18	6.12525
20~400		37	18.5	18	6.1255
20~400		37	18.5	18	6.12575
20~400		37	18.5	18	6.126
20~400		37	18.5	18	6.12625
20~400		37	18.5	18	6.1265
20~400		37	18.5	18	6.12675
20~400		37	18.5	18	6.127
20~400		37	18.5	18	6.12725
20~400		37	18.5	18	6.1275
20~400		37	18.5	18	6.12775
20~400		37	18.5	18	6.128
20~400		37	18.5	18	6.12825
20~400		37	18.5	18	6.1285
20~400		37	18.5	18	6.12875
20~400		37	18.5	18	6.129
20~400		37	18.5	18	6.12925
20~400		37	18.5	18	6.1295
20~400		37	18.5	18	6.12975
20~400		37	18.5	18	6.13
20~400		37	18.5	18	6.13025
20~400		37	18.5	18	6.1305
20~400		37	18.5	18	6.13075
20~400		37	18.5	18	6.131
20~400		37	18.5	18	6.13125
20~400		37	18.5	18	6.1315
20~400		37	18.5	18	6.13175
20~400		37	18.5	18	6.132
20~400		37	18.5	18	6.13225
20~400		37	18.5	18	6.1325
20~400		37	18.5	18	6.13275
20~400		37	18.5	18	6.133
20~400		37	18.5	18	6.13325
20~400		37	18.5	18	6.1335
20~400		37	18.5	18	6.13375
20~400		37	18.5	18	6.134
20~400		37	18.5	18	6.13425
20~400		37	18.5	18	6.1345
20~400		37	18.5	18	6.13475
20~400		37	18.5	18	6.135
20~400		37	18.5	18	6.13525
20~400		37	18.5	18	6.1355
20~400		37	18.5	18	6.13575
20~400		37	18.5	18	6.136
20~400		37	18.5	18	6.13625
20~400		37	18.5	18	6.1365
20~400		37	18.5	18	6.13675
20~400		37	18.5	18	6.137
20~400		37	18.5	18	6.13725
20~400		37	18.5	18	6.1375
20~400		37	18.5	18	6.13775
20~400		37	18.5	18	6.138
20~400		37	18.5	18	6.13825
20~400		37	18.5	18	6.1385
20~400		37	18.5	18	6.13875
20~400		37	18.5	18	6.139
20~400		37	18.5	18	6.13925
20~400		37	18.5	18	6.1395
20~400		37	18.5	18	6.13975
20~400		37	18.5	18	6.14
20~400		37	18.5	18	6.14025
20~400		37	18.5	18	6.1405
20~400		37	18.5	18	6.14075
20~400		37	18.5	18	6.141
20~400		37	18.5	18	6.14125
20~400		37	18.5	18	6.1415
20~400		37	18.5	18	6.14175
20~400		37	18.5	18	6.142
20~400		37	18.5	18	6.14225
20~400		37	18.5	18	6.1425
20~400		37	18.5	18	6.14275
20~400		37	18.5	18	6.143
20~400		37	18.5	18	6.14325
20~400		37	18.5	18	6.1435
20~400		37	18.5	18	6.14375
20~400		37	18.5	18	6.144
20~400		37	18.5	18	6.14425
20~400		37	18.5	18	6.1445
20~400		37	18.5	18	6.14475
20~400		37	18.5	18	6.145
20~400		37	18.5	18	6.14525
20~400		37	18.5	18	6.1455
20~400		37	18.5	18	6.14575
20~400		37	18.5	18	6.146
20~400		37	18.5	18	6.14625
20~400		37	18.5	18	6.1465
20~400		37	18.5	18	6.14675
20~400		37	18.5	18	6.147
20~400		37	18.5	18	6.14725
20~400		37	18.5	18	6.1475
20~400		37	18.5	18	6.14775
20~400		37	18.5	18	6.148
20~400		37	18.5	18	6.14825
20~400		37	18.5	18	6.1485
20~400		37	18.5	18	6.14875
20~400		37	18.5	18	6.149
20~400		37	18.5	18	6.14925
20~400		37	18.5	18	6.1495
20~400		37	18.5	18	6.14975
20~400		37	18.5	18	6.15
20~400		37	18.5	18	6.15025
20~400		37	18.5	18	6.1505
20~400		37	18.5	18	6.15075
20~400		37	18.5	18	6.151
20~400		37	18.5	18	6.15125
20~400		37	18.5	18	6.1515
20~400		37	18.5	18	6.15175
20~400		37	18.5	18	6.152
20~400		37	18.5	18	6.15225
20~400		37	18.5	18	6.1525
20~400		37	18.5	18	6.15275
20~400		37	18.5	18	6.153
20~400		37	18.5	18	6.15325
20~400		37	18.5	18	6.1535
20~400		37	18.5	18	6.15375
20~400		37	18.5	18	6.154
20~400		37	18.5	18	6.15425
20~400		37	18.5	18	6.1545
20~400		37	18.5	18	6.15475
20~400		37	18.5	18	6.155
20~400		37	18.5	18	6.15525
20~400		37	18.5	18	6.1555
20~400		37	18.5	18	6.15575
20~400		37	18.5	18	6.156
20~400		37	18.5	18	6.15625
20~400		37	18.5	18	6.1565
20~400		37	18.5	18	6.15675
20~400		37	18.5	18	6.157
20~400		37	18.5	18	6.15725
20~400		37	18.5	18	6.1575
20~400		37	18.5	18	6.15775
20~400		37	18.5	18	6.158
20~400		37	18.5	18	6.15825
20~400		37	18.5	18	6.1585
20~400		37	18.5	18	6.15875
20~400		37	18.5	18	6.159
20~400		37	18.5	18	6.15925
20~400		37	18.5	18	6.1595
20~400		37	18.5	18	6.15975
20~400		37	18.5	18	6.16
20~400		37	18.5	18	6.16025
20~400		37	18.5	18	6.1605
20~400		37	18.5	18	6.16075
20~400		37	18.5	18	6.161
20~400		37	18.5	18	6.16125
20~400		37	18.5	18	6.1615
20~400		37	18.5	18	6.16175
20~400		37	18.5	18	6.162
20~400		37	18.5	18	6.16225
20~400		37	18.5	18	6.1625
20~400		37	18.5	18	6.16275
20~400		37	18.5	18	6.163
20~400		37	18.5	18	6.16325
20~400		37	18.5	18	6.1635
20~400		37	18.5	18	6.16375
20~400		37	18.5	18	6.164
20~400		37	18.5	18	6.16425
20~400		37	18.5	18	6.1645
20~400		37	18.5	18	6.16475
20~400		37	18.5	18	6.165
20~400		37	18.5	18	6.16525
20~400		37	18.5	18	6.1655
20~400		37	18.5	18	6.16575
20~400		37	18.5	18	6.166
20~400		37	18.5	18	6.16625
20~400		37	18.5	18	6.1665
20~400		37	18.5	18	6.16675
20~400		37	18.5	18	6.167
20~400		37	18.5	18	6.16725
20~400		37	18.5	18	6.1675
20~400		37	18.5	18	6.16775
20~400		37	18.5	18	6.168
20~400		37	18.5	18	6.16825
20~400		37	18.5	18	6.1685
20~400		37	18.5	18	6.16875
20~400		37	18.5	18	6.169
20~400		37	18.5	18	6.16925
20~400		37	18.5	18	6.1695
20~400		37	18.5	18	6.16975
20~400		37	18.5	18	6.17
20~400		37	18.5	18	6.17025
20~400		37	18.5	18	6.1705
20~400		37	18.5	18	6.17075
20~400		37	18.5	18	6.171
20~400		37	18.5	18	6.17125
20~400		37	18.5	18	6.1715
20~400		37	18.5	18	6.17175
20~400		37	18.5	18	6.172
20~400		37	18.5	18	6.17225
20~400		37	18.5	18	6.1725
20~400		37	18.5	18	6.17275
20~400		37	18.5	18	6.173
20~400		37	18.5	18	6.17325
20~400		37	18.5	18	6.1735
20~400		37	18.5	18	6.17375
20~400		37	18.5	18	6.174
20~400		37	18.5	18	6.17425
20~400		37	18.5	18	6.1745
20~400		37	18.5	18	6.17475
20~400		37	18.5	18	6.175
20~400		37	18.5	18	6.17525
20~400		37	18.5	18	6.1755
20~400		37	18.5	18	6.17575
20~400		37	18.5	18	6.176
20~400		37	18.5	18	6.17625
20~400		37	18.5	18	6.1765
20~400		37	18.5	18	6.17675
20~400		37	18.5	18	6.177
20~400		37	18.5	18	6.17725
20~400		37	18.5	18	6.1775
20~400		37	18.5	18	6.17775
20~400		37	18.5	18	6.178
20~400		37	18.5	18	6.17825
20~400		37	18.5	18	6.1785
20~400		37	18.5	18	6.17875
20~400		37	18.5	19	6.179
20~400		37	18.5	19	6.17925
20~400		37	18.5	19	6.1795
20~400		37	18.5	19	6.17975
20~400		37	18.5	19	6.18
20~400		37	18.5	19	6.18025
20~400		37	18.5	19	6.1805
20~400		37	18.5	19	6.18075
20~400		37	18.5	19	6.181
20~400		37	18.5	19	6.18125
20~400		37	18.5	19	6.1815
20~400		37	18.5	19	6.18175
20~400		37	18.5	19	6.182
20~400		37	18.5	19	6.18225
20~400		37	18.5	19	6.1825
20~400		37	18.5	19	6.18275
20~400		37	18.5	19	6.183
20~400		37	18.5	19	6.18325
20~400		37	18.5	19	6.1835
20~400		37	18.5	19	6.18375
20~400		37	18.5	19	6.184
20~400		37	18.5	19	6.18425
20~400		37	18.5	19	6.1845
20~400		37	18.5	19	6.18475
20~400		37	18.5	19	6.185
