pt range	chiso range	DataNumber	FakeNumber	TrueNumber	fitFake_number	fitTrue_number	closureFake_test	closureTrue_test
#######################################################################################
20 <pt<25 	3<chiso range<8 	311.597	81.6707	118.045	92.2186	107.135	1.30357	0.673544
20 <pt<25 	3<chiso range<9 	311.597	81.6707	118.045	88.4497	110.872	0.873057	0.447008
20 <pt<25 	3<chiso range<10 	311.597	81.6707	118.045	86.1211	113.449	0.589345	0.288844
20 <pt<25 	3<chiso range<11 	311.597	81.6707	118.045	86.4831	113.084	0.634623	0.311491
20 <pt<25 	3<chiso range<12 	311.597	81.6707	118.045	85.4068	114.169	0.498882	0.244045
20 <pt<25 	3<chiso range<13 	311.597	81.6707	118.045	84.5712	114.993	0.391083	0.192541
20 <pt<25 	4<chiso range<9 	311.597	81.6707	118.045	89.3223	109.789	0.974796	0.512254
20 <pt<25 	4<chiso range<10 	311.597	81.6707	118.045	86.4942	112.816	0.635106	0.327437
20 <pt<25 	4<chiso range<11 	311.597	81.6707	118.045	86.8761	112.455	0.68248	0.349784
20 <pt<25 	4<chiso range<12 	311.597	81.6707	118.045	85.6028	113.757	0.523234	0.269252
20 <pt<25 	4<chiso range<13 	311.597	81.6707	118.045	84.6336	114.733	0.39877	0.208489
20 <pt<25 	5<chiso range<10 	311.597	81.6707	118.045	84.3677	114.862	0.363857	0.200229
20 <pt<25 	5<chiso range<11 	311.597	81.6707	118.045	85.1114	114.148	0.460233	0.244762
20 <pt<25 	5<chiso range<12 	311.597	81.6707	118.045	83.8478	115.446	0.295628	0.163809
20 <pt<25 	5<chiso range<13 	311.597	81.6707	118.045	82.927	116.38	0.172489	0.105196
20 <pt<25 	6<chiso range<11 	311.597	81.6707	118.045	82.825	116.636	0.158814	0.0891846
20 <pt<25 	6<chiso range<12 	311.597	81.6707	118.045	81.6342	117.852	0.00509539	0.012255
20 <pt<25 	6<chiso range<13 	311.597	81.6707	118.045	80.8305	118.65	0.118448	0.0384889
20 <pt<25 	7<chiso range<12 	311.597	81.6707	118.045	76.8778	122.873	0.71135	0.310918
20 <pt<25 	7<chiso range<13 	311.597	81.6707	118.045	76.5865	123.111	0.757215	0.326296
20 <pt<25 	8<chiso range<13 	311.597	81.6707	118.045	75.3817	124.485	0.952479	0.416664
#######################################################################################
25 <pt<30 	3<chiso range<8 	164.457	34.7318	67.9391	43.578	58.9895	1.42339	0.756959
25 <pt<30 	3<chiso range<9 	164.457	34.7318	67.9391	40.1743	62.3598	0.948672	0.481285
25 <pt<30 	3<chiso range<10 	164.457	34.7318	67.9391	39.8014	62.698	0.891418	0.452732
25 <pt<30 	3<chiso range<11 	164.457	34.7318	67.9391	39.358	63.1338	0.822414	0.416076
25 <pt<30 	3<chiso range<12 	164.457	34.7318	67.9391	39.3355	63.156	0.818848	0.414189
25 <pt<30 	3<chiso range<13 	164.457	34.7318	67.9391	39.4654	63.0326	0.83917	0.424548
25 <pt<30 	4<chiso range<9 	164.457	34.7318	67.9391	38.0182	64.5151	0.605122	0.299141
25 <pt<30 	4<chiso range<10 	164.457	34.7318	67.9391	37.888	64.6092	0.582803	0.290884
25 <pt<30 	4<chiso range<11 	164.457	34.7318	67.9391	37.6194	64.8735	0.536909	0.26816
25 <pt<30 	4<chiso range<12 	164.457	34.7318	67.9391	37.7538	64.7403	0.559897	0.279589
25 <pt<30 	4<chiso range<13 	164.457	34.7318	67.9391	38.0223	64.4837	0.60537	0.301571
25 <pt<30 	5<chiso range<10 	164.457	34.7318	67.9391	38.3529	64.1406	0.660541	0.330883
25 <pt<30 	5<chiso range<11 	164.457	34.7318	67.9391	37.9565	64.5383	0.594279	0.296894
25 <pt<30 	5<chiso range<12 	164.457	34.7318	67.9391	38.0763	64.4217	0.614424	0.306862
25 <pt<30 	5<chiso range<13 	164.457	34.7318	67.9391	38.3521	64.1666	0.660394	0.328661
25 <pt<30 	6<chiso range<11 	164.457	34.7318	67.9391	35.8688	66.6505	0.221715	0.113889
25 <pt<30 	6<chiso range<12 	164.457	34.7318	67.9391	36.279	66.2463	0.298315	0.149273
25 <pt<30 	6<chiso range<13 	164.457	34.7318	67.9391	36.7902	65.7672	0.391442	0.191042
25 <pt<30 	7<chiso range<12 	164.457	34.7318	67.9391	35.3143	67.2197	0.115371	0.0637936
25 <pt<30 	7<chiso range<13 	164.457	34.7318	67.9391	36.0508	66.5344	0.256014	0.124126
25 <pt<30 	8<chiso range<13 	164.457	34.7318	67.9391	34.1881	68.5801	0.111351	0.0573048
#######################################################################################
30 <pt<40 	3<chiso range<8 	167.6	30.8934	77.366	29.8886	78.2994	0.194836	0.0807754
30 <pt<40 	3<chiso range<9 	167.6	30.8934	77.366	29.4182	78.7049	0.290572	0.116263
30 <pt<40 	3<chiso range<10 	167.6	30.8934	77.366	30.3808	77.763	0.0977584	0.0342265
30 <pt<40 	3<chiso range<11 	167.6	30.8934	77.366	30.5137	77.6592	0.0721183	0.0252669
30 <pt<40 	3<chiso range<12 	167.6	30.8934	77.366	30.1541	78.0361	0.142105	0.057895
30 <pt<40 	3<chiso range<13 	167.6	30.8934	77.366	29.312	78.8337	0.312688	0.127582
30 <pt<40 	4<chiso range<9 	167.6	30.8934	77.366	29.1125	79.0313	0.35467	0.145029
30 <pt<40 	4<chiso range<10 	167.6	30.8934	77.366	30.3171	77.8448	0.110155	0.0413068
30 <pt<40 	4<chiso range<11 	167.6	30.8934	77.366	30.4772	77.7218	0.0791679	0.0306822
30 <pt<40 	4<chiso range<12 	167.6	30.8934	77.366	30.0623	78.1563	0.160288	0.0683526
30 <pt<40 	4<chiso range<13 	167.6	30.8934	77.366	29.1175	79.0391	0.353663	0.145734
30 <pt<40 	5<chiso range<10 	167.6	30.8934	77.366	29.4523	78.8127	0.283815	0.12571
30 <pt<40 	5<chiso range<11 	167.6	30.8934	77.366	29.7649	78.5453	0.220066	0.102359
30 <pt<40 	5<chiso range<12 	167.6	30.8934	77.366	29.3638	78.9608	0.302386	0.138809
30 <pt<40 	5<chiso range<13 	167.6	30.8934	77.366	28.3715	79.8716	0.516056	0.219695
30 <pt<40 	6<chiso range<11 	167.6	30.8934	77.366	30.9846	77.2788	0.0170797	0.00750398
30 <pt<40 	6<chiso range<12 	167.6	30.8934	77.366	30.3313	77.9559	0.107549	0.0509972
30 <pt<40 	6<chiso range<13 	167.6	30.8934	77.366	29.0068	79.2198	0.377499	0.161804
30 <pt<40 	7<chiso range<12 	167.6	30.8934	77.366	30.0732	78.2014	0.158237	0.0723196
30 <pt<40 	7<chiso range<13 	167.6	30.8934	77.366	28.597	79.6137	0.465977	0.196661
30 <pt<40 	8<chiso range<13 	167.6	30.8934	77.366	28.6232	79.5234	0.459858	0.188511
#######################################################################################
40 <pt<50 	3<chiso range<8 	74.5734	10.308	41.2865	16.3108	35.2588	1.34609	0.719248
40 <pt<50 	3<chiso range<9 	74.5734	10.308	41.2865	15.3041	36.2328	1.19309	0.613498
40 <pt<50 	3<chiso range<10 	74.5734	10.308	41.2865	15.7165	35.8226	1.25778	0.658613
40 <pt<50 	3<chiso range<11 	74.5734	10.308	41.2865	14.7885	36.7485	1.10697	0.555671
40 <pt<50 	3<chiso range<12 	74.5734	10.308	41.2865	14.0662	37.4625	0.975778	0.473774
40 <pt<50 	3<chiso range<13 	74.5734	10.308	41.2865	13.1998	38.3417	0.799505	0.369628
40 <pt<50 	4<chiso range<9 	74.5734	10.308	41.2865	15.3376	36.2001	1.19849	0.617129
40 <pt<50 	4<chiso range<10 	74.5734	10.308	41.2865	15.8011	35.7388	1.27068	0.667768
40 <pt<50 	4<chiso range<11 	74.5734	10.308	41.2865	14.753	36.7851	1.10085	0.551538
40 <pt<50 	4<chiso range<12 	74.5734	10.308	41.2865	13.9644	37.5641	0.956237	0.461961
40 <pt<50 	4<chiso range<13 	74.5734	10.308	41.2865	13.0352	38.5068	0.763451	0.34979
40 <pt<50 	5<chiso range<10 	74.5734	10.308	41.2865	15.62	35.9186	1.24289	0.64809
40 <pt<50 	5<chiso range<11 	74.5734	10.308	41.2865	14.4506	37.0845	1.04724	0.517407
40 <pt<50 	5<chiso range<12 	74.5734	10.308	41.2865	13.6068	37.916	0.885225	0.420691
40 <pt<50 	5<chiso range<13 	74.5734	10.308	41.2865	12.6186	38.9228	0.668024	0.299318
40 <pt<50 	6<chiso range<11 	74.5734	10.308	41.2865	13.8334	37.6927	0.930656	0.446943
40 <pt<50 	6<chiso range<12 	74.5734	10.308	41.2865	12.9133	38.6314	0.736185	0.334754
40 <pt<50 	6<chiso range<13 	74.5734	10.308	41.2865	11.9007	39.6388	0.488054	0.210863
40 <pt<50 	7<chiso range<12 	74.5734	10.308	41.2865	12.1197	39.4248	0.545217	0.237516
40 <pt<50 	7<chiso range<13 	74.5734	10.308	41.2865	11.1047	40.4326	0.261547	0.110527
40 <pt<50 	8<chiso range<13 	74.5734	10.308	41.2865	10.4965	41.0491	0.0654634	0.0309949
#######################################################################################
50 <pt<60 	3<chiso range<8 	42.0568	5.42695	25.0128	4.74927	25.5824	0.338598	0.0993843
50 <pt<60 	3<chiso range<9 	42.0568	5.42695	25.0128	4.51771	25.8648	0.477477	0.149174
50 <pt<60 	3<chiso range<10 	42.0568	5.42695	25.0128	4.96205	25.3808	0.222512	0.063851
50 <pt<60 	3<chiso range<11 	42.0568	5.42695	25.0128	4.78113	25.5521	0.320562	0.0940171
50 <pt<60 	3<chiso range<12 	42.0568	5.42695	25.0128	4.5155	25.8687	0.479002	0.149893
50 <pt<60 	3<chiso range<13 	42.0568	5.42695	25.0128	4.22092	26.1615	0.677446	0.202539
50 <pt<60 	4<chiso range<9 	42.0568	5.42695	25.0128	4.14372	26.2234	0.734193	0.213992
50 <pt<60 	4<chiso range<10 	42.0568	5.42695	25.0128	4.66471	25.7206	0.387964	0.12352
50 <pt<60 	4<chiso range<11 	42.0568	5.42695	25.0128	4.51425	25.8691	0.479717	0.149952
50 <pt<60 	4<chiso range<12 	42.0568	5.42695	25.0128	4.25303	26.1309	0.65472	0.197042
50 <pt<60 	4<chiso range<13 	42.0568	5.42695	25.0128	3.96431	26.374	0.874199	0.241888
50 <pt<60 	5<chiso range<10 	42.0568	5.42695	25.0128	4.98922	25.3528	0.20827	0.0589268
50 <pt<60 	5<chiso range<11 	42.0568	5.42695	25.0128	4.75034	25.5802	0.337839	0.0989688
50 <pt<60 	5<chiso range<12 	42.0568	5.42695	25.0128	4.42148	25.9612	0.539343	0.166429
50 <pt<60 	5<chiso range<13 	42.0568	5.42695	25.0128	4.07356	26.2925	0.787212	0.226522
50 <pt<60 	6<chiso range<11 	42.0568	5.42695	25.0128	4.52914	25.8528	0.470016	0.146984
50 <pt<60 	6<chiso range<12 	42.0568	5.42695	25.0128	4.16779	26.2	0.716079	0.209704
50 <pt<60 	6<chiso range<13 	42.0568	5.42695	25.0128	3.80012	26.5319	1.01346	0.270927
50 <pt<60 	7<chiso range<12 	42.0568	5.42695	25.0128	4.08728	26.2788	0.776909	0.224068
50 <pt<60 	7<chiso range<13 	42.0568	5.42695	25.0128	3.66079	26.6651	1.14189	0.295649
50 <pt<60 	8<chiso range<13 	42.0568	5.42695	25.0128	3.52303	26.8595	1.27944	0.330559
#######################################################################################
60 <pt<400 	3<chiso range<8 	74.6367	7.66966	54.979	5.60121	56.9439	1.15975	0.245357
60 <pt<400 	3<chiso range<9 	74.6367	7.66966	54.979	5.71992	56.8181	1.07011	0.229446
60 <pt<400 	3<chiso range<10 	74.6367	7.66966	54.979	5.91814	56.632	0.928986	0.205785
60 <pt<400 	3<chiso range<11 	74.6367	7.66966	54.979	5.8623	56.6889	0.967626	0.212989
60 <pt<400 	3<chiso range<12 	74.6367	7.66966	54.979	6.00556	56.5446	0.869877	0.194735
60 <pt<400 	3<chiso range<13 	74.6367	7.66966	54.979	5.94815	56.6019	0.908506	0.201977
60 <pt<400 	4<chiso range<9 	74.6367	7.66966	54.979	5.5719	56.9775	1.18174	0.249584
60 <pt<400 	4<chiso range<10 	74.6367	7.66966	54.979	5.82809	56.7177	0.991889	0.21666
60 <pt<400 	4<chiso range<11 	74.6367	7.66966	54.979	5.77756	56.769	1.02788	0.223169
60 <pt<400 	4<chiso range<12 	74.6367	7.66966	54.979	5.94641	56.6015	0.909799	0.201936
60 <pt<400 	4<chiso range<13 	74.6367	7.66966	54.979	5.8879	56.6596	0.949963	0.20929
60 <pt<400 	5<chiso range<10 	74.6367	7.66966	54.979	6.10413	56.4557	0.804875	0.183481
60 <pt<400 	5<chiso range<11 	74.6367	7.66966	54.979	5.99205	56.57	0.878569	0.197915
60 <pt<400 	5<chiso range<12 	74.6367	7.66966	54.979	6.17401	56.3812	0.76039	0.174104
60 <pt<400 	5<chiso range<13 	74.6367	7.66966	54.979	6.07967	56.4761	0.820826	0.186062
60 <pt<400 	6<chiso range<11 	74.6367	7.66966	54.979	6.16364	56.4101	0.766692	0.177721
60 <pt<400 	6<chiso range<12 	74.6367	7.66966	54.979	6.35706	56.2046	0.64805	0.151889
60 <pt<400 	6<chiso range<13 	74.6367	7.66966	54.979	6.2253	56.3365	0.728143	0.168463
60 <pt<400 	7<chiso range<12 	74.6367	7.66966	54.979	6.48022	56.089	0.576031	0.137396
60 <pt<400 	7<chiso range<13 	74.6367	7.66966	54.979	6.30701	56.2627	0.677979	0.159177
60 <pt<400 	8<chiso range<13 	74.6367	7.66966	54.979	6.34251	56.2303	0.656615	0.155105
#######################################################################################
