fake17=[1.168,1.170,1.167]

interf17=[1.140,1.164,1.167]

QCD_pdf=[1.012,1.011,1.010]

QCD_scale=[1.148,1.154,1.149]

scale_band1=[1.003,1.015,1.010]
scale_band2=[1.144,1.138,1.138]
scale_band3=[1.148,1.154,1.149]

QCD_scale_up=[1.002,1.014,1.010]

QCD_scale_down=[0.995,0.985,0.990]

jes17_ZA=[1.15,1.20,1.00]
jes17_ZA-EWK=[1.02,1.05,1.00]
jes17_TTA=[1.06,1.06,1.00]
jes17_VV=[1.15,1.15,1.00]
jes17_ST=[1.02,1.02,1.00]

jer17_ZA=[1.11,1.16,1.14]
jer17_ZA-EWK=[1.02,1.05,1.01]
jer17_TTA=[1.01,1.01,1.01]
jer17_VV=[1.17,1.17,1.17]
jer17_ST=[1.02,1.02,1.02]

l1pref17=[1.009,1.011,1.012]

Sig_scale=[1.002,1.010,1.020]

Sig_pdf=[1.001,1.002,1.001]

ele_ID=[1.093]
ele_reco=[1.010]
muon_all=[1.012]
muon_trigger=[1.020]
photon_ID=[1.031]
