QCD_scale=[1.147,1.185,1.206,1.108,1.129,1.147,1.106]
Sig_scale=[1.029,1.055,1.092,1.025,1.053,1.102,1.122]
QCD_scale=[1.147,1.185,1.206,1.108,1.129,1.147,1.106]
Sig_scale=[1.029,1.055,1.092,1.025,1.053,1.102,1.122]
QCD_scale=[1.147,1.185,1.206,1.108,1.129,1.147,1.106]
QCD_scale=[1.147,1.185,1.206,1.108,1.129,1.147,1.106]
QCD_scale=[1.147,1.185,1.206,1.108,1.129,1.147,1.106]
QCD_scale=[1.147,1.185,1.206,1.108,1.129,1.147,1.106]
QCD_scale=[1.147,1.185,1.206,1.108,1.129,1.147,1.106]
QCD_scale=[1.147,1.185,1.206,1.108,1.129,1.147,1.106]
QCD_scale=[1.147,1.185,1.206,1.108,1.129,1.147,1.106]
QCD_scale=[1.147,1.185,1.206,1.108,1.129,1.147,1.106]
QCD_scale=[1.147,1.185,1.206,1.108,1.129,1.147,1.106]
