QCD_scale=[1.161,1.198,1.260,1.115,1.167,1.164,1.119]
Sig_scale=[1.035,1.060,1.094,1.036,1.059,1.107,1.121]
QCD_scale=[1.161,1.198,1.260,1.115,1.167,1.164,1.119]
Sig_scale=[1.035,1.060,1.094,1.036,1.059,1.107,1.121]
QCD_scale=[1.161,1.198,1.260,1.115,1.167,1.164,1.119]
QCD_scale=[1.161,1.198,1.260,1.115,1.167,1.164,1.119]
QCD_scale=[1.161,1.198,1.260,1.115,1.167,1.164,1.119]
QCD_scale=[1.161,1.198,1.260,1.115,1.167,1.164,1.119]
QCD_scale=[1.161,1.198,1.260,1.115,1.167,1.164,1.119]
QCD_scale=[1.161,1.198,1.260,1.115,1.167,1.164,1.119]
QCD_scale=[1.161,1.198,1.260,1.115,1.167,1.164,1.119]
QCD_scale=[1.161,1.198,1.260,1.115,1.167,1.164,1.119]
QCD_scale=[1.161,1.198,1.260,1.115,1.167,1.164,1.119]
