pt: 20 ~ 25
*	3	4	5	6	7	8
8	0.19
9	0.18	0.20
10	0.23	0.24	0.31
11	0.22	0.24	0.29	0.27
12	0.23	0.24	0.29	0.27	0.28
13	0.239	0.256	0.302	0.291	0.301	0.315
############################################################
pt: 25 ~ 30
*	3	4	5	6	7	8
8	0.27
9	0.27	0.28
10	0.26	0.27	0.34
11	0.23	0.23	0.28	0.22
12	0.23	0.24	0.28	0.22	0.16
13	0.274	0.285	0.334	0.293	0.255	0.279
############################################################
pt: 30 ~ 50
*	3	4	5	6	7	8
8	0.32
9	0.32	0.33
10	0.33	0.34	0.36
11	0.33	0.35	0.71	0.71
12	0.33	0.35	0.71	0.71	0.70
13	0.316	0.327	0.699	0.701	0.687	0.314
############################################################
pt: 50 ~ 400
*	3	4	5	6	7	8
8	0.16
9	0.15	0.11
10	0.18	0.17	0.08
11	0.23	0.22	0.17	0.19
12	0.20	0.18	0.13	0.14	0.35
13	0.227	0.221	0.181	0.201	0.382	0.420
############################################################
