pt: 20 ~ 25
*	3	4	5	6	7	8
8	0.36
9	0.33	0.35
10	0.41	0.44	0.46
11	0.37	0.38	0.43	0.56
12	0.41	0.37	0.42	0.52	0.40
13	0.428	0.397	0.412	0.501	0.394	1.000
############################################################
pt: 25 ~ 50
*	3	4	5	6	7	8
8	0.08
9	0.15	0.02
10	0.19	0.07	0.25
11	0.19	0.10	0.19	0.25
12	0.22	0.13	0.24	0.30	0.32
13	0.199	0.132	0.209	0.263	0.299	0.363
############################################################
pt: 50 ~ 400
*	3	4	5	6	7	8
8	0.02
9	0.05	0.15
10	0.24	0.27	0.57
11	0.33	0.36	0.64	0.71
12	0.36	0.47	0.64	0.68	0.76
13	0.329	0.442	0.604	0.636	0.708	0.663
############################################################
