[?1034hgenlep1pt   16
1.09105022191
[[4.03753603e-01 4.01061795e-03 1.65366815e-04 0.00000000e+00]
 [1.43859636e-02 4.09599443e-01 6.35913159e-03 0.00000000e+00]
 [0.00000000e+00 1.43699128e-02 4.00633213e-01 5.51886439e-03]
 [0.00000000e+00 0.00000000e+00 1.74584324e-02 4.13293753e-01]]
#################################################
[?1034hgenphotonet   16
1.07932142056
[[0.4078921  0.00113225 0.         0.        ]
 [0.00993568 0.43427931 0.00302277 0.        ]
 [0.00210644 0.00776911 0.42856572 0.00319089]
 [0.00098228 0.00093614 0.00610365 0.42504517]]
#################################################
[?1034hgenjet1pt   16
1.43322205049
[[3.74692169e-01 4.43376216e-02 5.58954427e-05 0.00000000e+00]
 [3.07270887e-02 3.53012272e-01 3.46300201e-02 1.78560348e-04]
 [3.00647108e-04 4.09867001e-02 3.37966611e-01 3.69977099e-02]
 [0.00000000e+00 6.96933152e-07 3.58117512e-02 3.74024513e-01]]
#################################################
[?1034hgenMjj   16
2.11180976675
[[3.92258288e-01 5.07279278e-02 5.55161822e-04 3.01194215e-03
  1.60255807e-03 2.80943150e-03 9.11625902e-04]
 [4.36390910e-02 4.28549243e-01 4.38758717e-02 0.00000000e+00
  4.62735243e-03 2.80233241e-03 1.63165595e-04]
 [2.15368617e-04 3.62850344e-02 5.09997376e-01 0.00000000e+00
  5.14523293e-04 5.22505078e-03 0.00000000e+00]
 [1.08458670e-02 1.51365977e-03 0.00000000e+00 2.94843925e-01
  1.12512568e-01 6.40793491e-04 3.99865176e-03]
 [5.63612797e-03 7.02143340e-03 2.13494260e-04 2.84089641e-02
  3.73005002e-01 8.52381870e-02 3.50199101e-03]
 [1.39581120e-03 2.09263057e-03 5.40658675e-03 4.86311009e-04
  2.70989446e-02 4.91888417e-01 3.38698168e-03]
 [5.83251711e-04 2.95346737e-04 2.26793169e-04 1.98567549e-03
  2.52535471e-03 1.49128432e-02 3.77156792e-01]]
#################################################
[?1034hgenlep1pt   17
1.0939242817
[[3.51423795e-01 4.67145353e-03 1.32332649e-04 3.55544865e-05]
 [1.29295644e-02 3.55688772e-01 7.52117111e-03 1.15218418e-04]
 [1.33294727e-04 1.34041830e-02 3.60858169e-01 4.92784649e-03]
 [0.00000000e+00 0.00000000e+00 1.15722993e-02 3.58282116e-01]]
#################################################
[?1034hgenphotonet   17
1.11847923427
[[3.56321273e-01 8.29917171e-04 4.41734937e-05 0.00000000e+00]
 [1.21216699e-02 3.70730901e-01 3.58588990e-03 0.00000000e+00]
 [2.18454359e-03 7.54750591e-03 3.93408762e-01 1.35762960e-03]
 [2.19198666e-03 0.00000000e+00 5.08612342e-03 3.83632924e-01]]
#################################################
[?1034hgenjet1pt   17
1.52316587226
[[3.20799251e-01 4.38942936e-02 0.00000000e+00 0.00000000e+00]
 [3.26927867e-02 3.05269266e-01 2.85934943e-02 1.15550338e-04]
 [1.39092451e-03 4.86011067e-02 2.89594214e-01 3.39207605e-02]
 [8.80480463e-04 1.02225836e-03 3.72275043e-02 3.29801727e-01]]
#################################################
[?1034hgenMjj   17
2.43101258766
[[3.85639279e-01 5.94570804e-02 2.62733304e-04 1.83320494e-03
  2.13886304e-03 2.46751724e-03 6.71071467e-04]
 [5.05797582e-02 3.98540641e-01 4.53573285e-02 1.10204699e-03
  3.57207104e-03 1.42348763e-03 1.85895132e-04]
 [1.22255387e-03 4.51306367e-02 4.82210905e-01 0.00000000e+00
  5.57573320e-04 4.22096123e-03 6.12368000e-05]
 [1.16443991e-02 1.91166581e-03 0.00000000e+00 2.63485748e-01
  1.11828428e-01 1.06039315e-03 2.77172601e-03]
 [2.49602250e-03 5.30317915e-03 6.79316421e-04 3.34901991e-02
  3.12925242e-01 8.46960565e-02 4.60074617e-03]
 [2.52102035e-03 1.39314524e-03 2.84901445e-03 1.51680765e-03
  3.48174862e-02 4.74228074e-01 3.20390685e-03]
 [2.42119109e-03 2.51503753e-04 0.00000000e+00 6.58967418e-04
  1.64644262e-03 1.08454800e-02 3.63071333e-01]]
#################################################
[?1034hgenlep1pt   18
1.11440362554
[[4.37989340e-01 6.79660393e-03 1.92484534e-04 0.00000000e+00]
 [1.79802034e-02 4.46762534e-01 7.00854079e-03 9.09580858e-05]
 [0.00000000e+00 1.56378382e-02 4.54829473e-01 5.10001515e-03]
 [0.00000000e+00 0.00000000e+00 1.64936367e-02 4.69031530e-01]]
#################################################
[?1034hgenphotonet   18
1.21941519333
[[4.38310078e-01 8.85404541e-04 0.00000000e+00 4.04987613e-05]
 [1.53027752e-02 4.86631195e-01 5.53028422e-03 0.00000000e+00]
 [1.65374189e-03 1.04425945e-02 5.19225478e-01 1.34632093e-03]
 [0.00000000e+00 0.00000000e+00 5.19212702e-03 5.32063215e-01]]
#################################################
[?1034hgenjet1pt   18
1.58344047021
[[3.81380801e-01 5.73074568e-02 1.04122298e-04 0.00000000e+00]
 [3.91753569e-02 3.91154921e-01 4.53761526e-02 2.32272589e-04]
 [1.04357564e-03 6.41731392e-02 3.76028263e-01 4.80779667e-02]
 [0.00000000e+00 2.74418866e-03 5.16872959e-02 4.43144719e-01]]
#################################################
[?1034hgenMjj   18
2.11911052163
[[3.75338581e-01 5.92265411e-02 5.68789137e-04 2.30250720e-03
  1.64289500e-03 2.01119662e-03 5.56004122e-04]
 [4.59272670e-02 4.07111303e-01 5.41018972e-02 3.27563471e-04
  4.05817150e-03 2.32912708e-03 1.54846865e-04]
 [5.00521027e-04 4.22022157e-02 4.68526676e-01 0.00000000e+00
  9.95831353e-04 6.34254266e-03 0.00000000e+00]
 [1.24859450e-02 3.06431715e-03 0.00000000e+00 2.87474498e-01
  9.68248025e-02 1.55925470e-03 4.02940626e-03]
 [6.19894370e-03 6.24851101e-03 1.09279651e-03 3.19620545e-02
  3.30084550e-01 7.99610492e-02 5.58013439e-03]
 [2.47059662e-03 2.15118573e-03 6.20443854e-03 3.17949303e-04
  2.78563175e-02 4.60754346e-01 4.61062762e-03]
 [2.17646393e-03 2.81914197e-04 0.00000000e+00 5.81521012e-04
  3.02913271e-03 1.12109467e-02 3.43707909e-01]]
#################################################
