fake18=[1.098,1.098,1.097,1.091,1.095,1.114,1.085]

interf18=[1.042,1.037,1.058,1.050,1.009,1.025,1.015]

QCD_pdf=[1.016,1.032,1.019,1.012,1.009,1.037,1.011]

QCD_scale=[1.161,1.198,1.260,1.115,1.167,1.164,1.119]

QCD_scale_up=[1.030,1.061,1.100,0.965,1.069,1.032,0.993]

QCD_scale_down=[0.974,0.951,0.917,1.029,0.934,0.972,1.003]

jes18_ZA=[1.24,1.24,1.24,1.45,1.45,1.45,1.92]
jes18_ZA-EWK=[1.05,1.05,1.05,1.04,1.04,1.04,1.06]
jes18_ZA-EWKout=[1.06,1.06,1.06,1.05,1.05,1.05,1.09]
jes18_TTA=[1.22,1.22,1.22,1.22,1.22,1.22,1.22]
jes18_VV=[1.92,1.92,1.92,1.92,1.92,1.92,1.92]
jes18_ST=[2.08,2.08,2.08,1.00,1.00,1.00,1.00]

jer18_ZA=[1.11,1.11,1.11,1.21,1.21,1.21,1.27]
jer18_ZA-EWK=[1.00,1.00,1.00,1.01,1.01,1.01,1.01]
jer18_ZA-EWKout=[1.00,1.00,1.00,1.01,1.01,1.01,1.02]
jer18_TTA=[1.14,1.14,1.14,1.14,1.14,1.14,1.14]
jer18_VV=[1.44,1.44,1.44,1.44,1.44,1.44,1.44]
jer18_ST=[1.18,1.18,1.18,1.00,1.00,1.00,1.00]

Sig_scale=[1.035,1.060,1.094,1.036,1.059,1.107,1.121]

Sig_pdf=[1.001,1.001,1.003,1.002,1.001,1.002,1.003]

ele_ID=[1.027]
ele_reco=[1.013]
muon_all=[1.013]
muon_trigger=[1.020]
photon_ID=[1.016]
