fake16=[1.168,1.182,1.000,1.178,1.176,1.152,1.184]

interf16=[1.047,1.043,1.064,1.027,1.020,1.007,1.005]

QCD_pdf=[1.016,1.032,1.019,1.012,1.009,1.037,1.011]

QCD_scale=[1.147,1.185,1.206,1.108,1.129,1.147,1.106]

QCD_scale_up=[1.042,1.056,1.086,0.995,1.010,1.052,1.002]

QCD_scale_down=[0.965,0.954,0.928,1.002,0.991,0.967,0.996]

jes16_ZA=[1.06,1.06,1.06,1.23,1.23,1.23,1.26]
jes16_ZA-EWK=[1.02,1.02,1.02,1.02,1.02,1.02,1.04]
jes16_ZA-EWKout=[1.02,1.02,1.02,1.03,1.03,1.03,1.06]
jes16_TTA=[1.12,1.12,1.12,1.12,1.12,1.12,1.00]
jes16_VV=[1.37,1.37,1.37,1.37,1.37,1.37,1.37]
jes16_ST=[1.00,1.00,1.00,1.28,1.28,1.28,1.28]

jer16_ZA=[1.04,1.04,1.04,1.18,1.18,1.18,1.27]
jer16_ZA-EWK=[1.00,1.00,1.00,1.01,1.01,1.01,1.01]
jer16_ZA-EWKout=[1.00,1.00,1.00,1.00,1.00,1.00,1.03]
jer16_TTA=[1.03,1.03,1.03,1.03,1.03,1.03,1.00]
jer16_VV=[1.37,1.37,1.37,1.37,1.37,1.37,1.37]
jer16_ST=[1.00,1.00,1.00,1.28,1.28,1.28,1.28]

l1pref16=[1.009,1.017,1.028,1.005,1.009,1.023,1.013]

Sig_scale=[1.029,1.055,1.092,1.025,1.053,1.102,1.122]

Sig_pdf=[1.036,1.036,1.044,1.037,1.035,1.042,1.042]

ele_ID=[1.062]
ele_reco=[1.011]
muon_all=[1.011]
muon_trigger=[1.020]
photon_ID=[1.014]
