/home/pku/anying/cms/rootfiles/WWg/2018/outST_tW18.root -> cutla-outST_tW18.root
cutla-outST_tW18.root
0 342612 0.00309765
10000 342612 0.00309765
20000 342612 0.00309765
30000 342612 0.00309765
40000 342612 0.00309765
50000 342612 0.00309765
60000 342612 0.00309765
70000 342612 0.00309765
80000 342612 0.00309765
90000 342612 0.00309765
100000 342612 0.00309765
110000 342612 0.00309765
120000 342612 0.00309765
130000 342612 0.00309765
140000 342612 0.00309765
150000 342612 0.00309765
160000 342612 0.00309765
170000 342612 0.00309765
180000 342612 0.00309765
190000 342612 0.00309765
200000 342612 0.00309765
210000 342612 0.00309765
220000 342612 0.00309765
230000 342612 0.00309765
240000 342612 0.00309765
250000 342612 0.00309765
260000 342612 0.00309765
270000 342612 0.00309765
280000 342612 0.00309765
290000 342612 0.00309765
300000 342612 0.00309765
310000 342612 0.00309765
320000 342612 0.00309765
330000 342612 0.00309765
340000 342612 0.00309765
342612 3338
/home/pku/anying/cms/rootfiles/WWg/2018/outST_tbarW18.root -> cutla-outST_tbarW18.root
cutla-outST_tbarW18.root
0 333530 0.0031884
10000 333530 0.0031884
20000 333530 0.0031884
30000 333530 0.0031884
40000 333530 0.0031884
50000 333530 0.0031884
60000 333530 0.0031884
70000 333530 0.0031884
80000 333530 0.0031884
90000 333530 0.0031884
100000 333530 0.0031884
110000 333530 0.0031884
120000 333530 0.0031884
130000 333530 0.0031884
140000 333530 0.0031884
150000 333530 0.0031884
160000 333530 0.0031884
170000 333530 0.0031884
180000 333530 0.0031884
190000 333530 0.0031884
200000 333530 0.0031884
210000 333530 0.0031884
220000 333530 0.0031884
230000 333530 0.0031884
240000 333530 0.0031884
250000 333530 0.0031884
260000 333530 0.0031884
270000 333530 0.0031884
280000 333530 0.0031884
290000 333530 0.0031884
300000 333530 0.0031884
310000 333530 0.0031884
320000 333530 0.0031884
330000 333530 0.0031884
333530 3341
/home/pku/anying/cms/rootfiles/WWg/2018/outTTGJets18.root -> cutla-outTTGJets18.root
cutla-outTTGJets18.root
0 83023 -0.00233176
10000 83023 0.00233176
20000 83023 -0.00233176
30000 83023 0.00233176
40000 83023 -0.00233176
50000 83023 0.00233176
60000 83023 0.00233176
70000 83023 0.00233176
80000 83023 0.00233176
83023 26113
/home/pku/anying/cms/rootfiles/WWg/2018/outWGJets18.root -> cutla-outWGJets18.root
cutla-outWGJets18.root
0 66337 0.0297925
10000 66337 0.0297925
20000 66337 0.0297925
30000 66337 -0.0297925
40000 66337 0.0297925
50000 66337 -0.0297925
60000 66337 -0.0297925
66337 1050
/home/pku/anying/cms/rootfiles/WWg/2018/outWW18.root -> cutla-outWW18.root
cutla-outWW18.root
0 841582 0.00122309
10000 841582 0.00122309
20000 841582 0.00122309
30000 841582 0.00122309
40000 841582 0.00122309
50000 841582 0.00122309
60000 841582 0.00122309
70000 841582 0.00122309
80000 841582 0.00122309
90000 841582 0.00122309
100000 841582 0.00122309
110000 841582 0.00122309
120000 841582 0.00122309
130000 841582 0.00122309
140000 841582 0.00122309
150000 841582 0.00122309
160000 841582 0.00122309
170000 841582 0.00122309
180000 841582 0.00122309
190000 841582 0.00122309
200000 841582 0.00122309
210000 841582 0.00122309
220000 841582 0.00122309
230000 841582 0.00122309
240000 841582 0.00122309
250000 841582 0.00122309
260000 841582 0.00122309
270000 841582 0.00122309
280000 841582 0.00122309
290000 841582 0.00122309
300000 841582 0.00122309
310000 841582 0.00122309
320000 841582 0.00122309
330000 841582 0.00122309
340000 841582 0.00122309
350000 841582 0.00122309
360000 841582 0.00122309
370000 841582 0.00122309
380000 841582 0.00122309
390000 841582 0.00122309
400000 841582 0.00122309
410000 841582 0.00122309
420000 841582 0.00122309
430000 841582 0.00122309
440000 841582 0.00122309
450000 841582 0.00122309
460000 841582 0.00122309
470000 841582 0.00122309
480000 841582 0.00122309
490000 841582 0.00122309
500000 841582 0.00122309
510000 841582 0.00122309
520000 841582 0.00122309
530000 841582 0.00122309
540000 841582 0.00122309
550000 841582 0.00122309
560000 841582 0.00122309
570000 841582 0.00122309
580000 841582 0.00122309
590000 841582 0.00122309
600000 841582 0.00122309
610000 841582 0.00122309
620000 841582 0.00122309
630000 841582 0.00122309
640000 841582 0.00122309
650000 841582 0.00122309
660000 841582 0.00122309
670000 841582 0.00122309
680000 841582 0.00122309
690000 841582 0.00122309
700000 841582 0.00122309
710000 841582 0.00122309
720000 841582 0.00122309
730000 841582 0.00122309
740000 841582 0.00122309
750000 841582 0.00122309
760000 841582 0.00122309
770000 841582 0.00122309
780000 841582 0.00122309
790000 841582 0.00122309
800000 841582 0.00122309
810000 841582 0.00122309
820000 841582 0.00122309
830000 841582 0.00122309
840000 841582 0.00122309
841582 5935
/home/pku/anying/cms/rootfiles/WWg/2018/outWZ18.root -> cutla-outWZ18.root
cutla-outWZ18.root
0 316493 0.000683191
10000 316493 0.000683191
20000 316493 0.000683191
30000 316493 0.000683191
40000 316493 -0.000683191
50000 316493 0.000683191
60000 316493 0.000683191
70000 316493 0.000683191
80000 316493 -0.000683191
90000 316493 0.000683191
100000 316493 -0.000683191
110000 316493 0.000683191
120000 316493 0.000683191
130000 316493 0.000683191
140000 316493 -0.000683191
150000 316493 0.000683191
160000 316493 0.000683191
170000 316493 -0.000683191
180000 316493 0.000683191
190000 316493 0.000683191
200000 316493 0.000683191
210000 316493 0.000683191
220000 316493 -0.000683191
230000 316493 -0.000683191
240000 316493 0.000683191
250000 316493 0.000683191
260000 316493 -0.000683191
270000 316493 0.000683191
280000 316493 0.000683191
290000 316493 0.000683191
300000 316493 -0.000683191
310000 316493 0.000683191
316493 5821
/home/pku/anying/cms/rootfiles/WWg/2018/outZGJets18.root -> cutla-outZGJets18.root
cutla-outZGJets18.root
0 49415 0.00336898
10000 49415 0.00336898
20000 49415 0.00336898
30000 49415 0.00336898
40000 49415 0.00336898
49415 4084
/home/pku/anying/cms/rootfiles/WWg/2018/outZZ18.root -> cutla-outZZ18.root
cutla-outZZ18.root
0 68454 1.71546e-05
10000 68454 1.71546e-05
20000 68454 1.71546e-05
30000 68454 1.71546e-05
40000 68454 1.71546e-05
50000 68454 1.71546e-05
60000 68454 1.71546e-05
68454 345
/home/pku/anying/cms/rootfiles/WWg/2018/outWJets18.root -> cutla-outWJets18.root
cutla-outWJets18.root
0 7372 0.790279
7372 9
