pt range	chiso range	DataNumber	FakeNumber	TrueNumber	fitFake_number	fitTrue_number	closureFake_test	closureTrue_test
#######################################################################################
20 <pt<25 	3<chiso range<8 	215.583	91.3557	126.058	103.51	114.311	1.41676	0.691834
20 <pt<25 	3<chiso range<9 	215.583	91.3557	126.058	99.2897	118.323	0.963903	0.459916
20 <pt<25 	3<chiso range<10 	215.583	91.3557	126.058	96.7932	121.1	0.678416	0.297262
20 <pt<25 	3<chiso range<11 	215.583	91.3557	126.058	97.1726	120.69	0.722895	0.321514
20 <pt<25 	3<chiso range<12 	215.583	91.3557	126.058	95.9631	121.914	0.579743	0.248892
20 <pt<25 	3<chiso range<13 	215.583	91.3557	126.058	95.0284	122.837	0.466616	0.193842
20 <pt<25 	4<chiso range<9 	215.583	91.3557	126.058	100.36	116.99	1.08119	0.536641
20 <pt<25 	4<chiso range<10 	215.583	91.3557	126.058	97.3167	120.249	0.738691	0.346876
20 <pt<25 	4<chiso range<11 	215.583	91.3557	126.058	97.6837	119.906	0.781369	0.367154
20 <pt<25 	4<chiso range<12 	215.583	91.3557	126.058	96.2322	121.415	0.611231	0.278106
20 <pt<25 	4<chiso range<13 	215.583	91.3557	126.058	95.1489	122.5	0.480831	0.213647
20 <pt<25 	5<chiso range<10 	215.583	91.3557	126.058	94.9267	122.554	0.453421	0.210232
20 <pt<25 	5<chiso range<11 	215.583	91.3557	126.058	95.6861	121.836	0.545624	0.252973
20 <pt<25 	5<chiso range<12 	215.583	91.3557	126.058	94.2382	123.362	0.368798	0.16214
20 <pt<25 	5<chiso range<13 	215.583	91.3557	126.058	93.2145	124.386	0.240425	0.100793
20 <pt<25 	6<chiso range<11 	215.583	91.3557	126.058	93.1271	124.617	0.229513	0.0870096
20 <pt<25 	6<chiso range<12 	215.583	91.3557	126.058	91.7619	126.047	0.053416	0.000666461
20 <pt<25 	6<chiso range<13 	215.583	91.3557	126.058	90.8613	126.934	0.0656515	0.053175
20 <pt<25 	7<chiso range<12 	215.583	91.3557	126.058	86.3497	131.781	0.700463	0.351894
20 <pt<25 	7<chiso range<13 	215.583	91.3557	126.058	86.0358	132.018	0.746826	0.366474
20 <pt<25 	8<chiso range<13 	215.583	91.3557	126.058	84.8198	133.461	0.931658	0.457294
#######################################################################################
25 <pt<30 	3<chiso range<8 	107.556	38.922	73.1074	49.0509	63.206	1.53133	0.79785
25 <pt<30 	3<chiso range<9 	107.556	38.922	73.1074	45.2337	66.9459	1.03347	0.506494
25 <pt<30 	3<chiso range<10 	107.556	38.922	73.1074	44.7309	67.3829	0.961259	0.471381
25 <pt<30 	3<chiso range<11 	107.556	38.922	73.1074	44.2224	67.8649	0.886868	0.432671
25 <pt<30 	3<chiso range<12 	107.556	38.922	73.1074	44.1746	67.8997	0.879748	0.429841
25 <pt<30 	3<chiso range<13 	107.556	38.922	73.1074	44.3076	67.7957	0.899412	0.438227
25 <pt<30 	4<chiso range<9 	107.556	38.922	73.1074	42.8877	69.2812	0.684496	0.318431
25 <pt<30 	4<chiso range<10 	107.556	38.922	73.1074	42.6332	69.468	0.644026	0.302988
25 <pt<30 	4<chiso range<11 	107.556	38.922	73.1074	42.3114	69.767	0.592535	0.278483
25 <pt<30 	4<chiso range<12 	107.556	38.922	73.1074	42.4305	69.6371	0.611608	0.289093
25 <pt<30 	4<chiso range<13 	107.556	38.922	73.1074	42.7164	69.3884	0.65715	0.309463
25 <pt<30 	5<chiso range<10 	107.556	38.922	73.1074	43.249	68.8948	0.740305	0.349669
25 <pt<30 	5<chiso range<11 	107.556	38.922	73.1074	42.7677	69.3469	0.665239	0.312846
25 <pt<30 	5<chiso range<12 	107.556	38.922	73.1074	42.8578	69.2411	0.679365	0.321447
25 <pt<30 	5<chiso range<13 	107.556	38.922	73.1074	43.1415	69.0075	0.72374	0.34054
25 <pt<30 	6<chiso range<11 	107.556	38.922	73.1074	40.3315	71.7549	0.258503	0.113965
25 <pt<30 	6<chiso range<12 	107.556	38.922	73.1074	40.7454	71.3357	0.331022	0.148959
25 <pt<30 	6<chiso range<13 	107.556	38.922	73.1074	41.2983	70.8599	0.425824	0.188588
25 <pt<30 	7<chiso range<12 	107.556	38.922	73.1074	39.4585	72.6161	0.100556	0.0415753
25 <pt<30 	7<chiso range<13 	107.556	38.922	73.1074	40.3001	71.8602	0.25305	0.105204
25 <pt<30 	8<chiso range<13 	107.556	38.922	73.1074	38.2283	74.0516	0.134354	0.080601
#######################################################################################
30 <pt<40 	3<chiso range<8 	100.364	34.4853	84.3058	33.7334	85.1977	0.136858	0.0733718
30 <pt<40 	3<chiso range<9 	100.364	34.4853	84.3058	33.1209	85.8149	0.25291	0.124587
30 <pt<40 	3<chiso range<10 	100.364	34.4853	84.3058	34.2052	84.681	0.0502631	0.0307617
30 <pt<40 	3<chiso range<11 	100.364	34.4853	84.3058	34.3153	84.6061	0.0304187	0.0246176
30 <pt<40 	3<chiso range<12 	100.364	34.4853	84.3058	33.9612	84.9803	0.0947688	0.0554236
30 <pt<40 	3<chiso range<13 	100.364	34.4853	84.3058	32.9598	86.0079	0.284238	0.140718
30 <pt<40 	4<chiso range<9 	100.364	34.4853	84.3058	32.728	86.2577	0.329806	0.161632
30 <pt<40 	4<chiso range<10 	100.364	34.4853	84.3058	34.1007	84.8072	0.0692394	0.0411463
30 <pt<40 	4<chiso range<11 	100.364	34.4853	84.3058	34.2392	84.7129	0.0441472	0.0334036
30 <pt<40 	4<chiso range<12 	100.364	34.4853	84.3058	33.8344	85.1405	0.118179	0.0686742
30 <pt<40 	4<chiso range<13 	100.364	34.4853	84.3058	32.701	86.3026	0.33521	0.16542
30 <pt<40 	5<chiso range<10 	100.364	34.4853	84.3058	33.1423	85.8846	0.249042	0.130519
30 <pt<40 	5<chiso range<11 	100.364	34.4853	84.3058	33.445	85.6337	0.191303	0.109689
30 <pt<40 	5<chiso range<12 	100.364	34.4853	84.3058	33.0631	86.0331	0.264589	0.143031
30 <pt<40 	5<chiso range<13 	100.364	34.4853	84.3058	31.8628	87.2552	0.506284	0.245962
30 <pt<40 	6<chiso range<11 	100.364	34.4853	84.3058	34.8267	84.2008	0.0602727	0.0085974
30 <pt<40 	6<chiso range<12 	100.364	34.4853	84.3058	34.1775	84.8768	0.0553824	0.0469503
30 <pt<40 	6<chiso range<13 	100.364	34.4853	84.3058	32.6018	86.4848	0.355286	0.180872
30 <pt<40 	7<chiso range<12 	100.364	34.4853	84.3058	33.8752	85.1639	0.110724	0.0706592
30 <pt<40 	7<chiso range<13 	100.364	34.4853	84.3058	32.1221	86.9541	0.452313	0.220372
30 <pt<40 	8<chiso range<13 	100.364	34.4853	84.3058	32.0463	86.9788	0.467649	0.222342
#######################################################################################
40 <pt<50 	3<chiso range<8 	37.0397	11.4951	46.3082	18.3865	39.4611	1.44994	0.769866
40 <pt<50 	3<chiso range<9 	37.0397	11.4951	46.3082	17.2454	40.5626	1.2886	0.657169
40 <pt<50 	3<chiso range<10 	37.0397	11.4951	46.3082	17.6967	40.114	1.35439	0.703603
40 <pt<50 	3<chiso range<11 	37.0397	11.4951	46.3082	16.6675	41.137	1.19837	0.596311
40 <pt<50 	3<chiso range<12 	37.0397	11.4951	46.3082	15.8356	41.9591	1.05805	0.507624
40 <pt<50 	3<chiso range<13 	37.0397	11.4951	46.3082	14.8775	42.9432	0.877153	0.397995
40 <pt<50 	4<chiso range<9 	37.0397	11.4951	46.3082	17.288	40.5203	1.29495	0.66158
40 <pt<50 	4<chiso range<10 	37.0397	11.4951	46.3082	17.7734	40.0799	1.36547	0.706365
40 <pt<50 	4<chiso range<11 	37.0397	11.4951	46.3082	16.6291	41.1774	1.19223	0.592019
40 <pt<50 	4<chiso range<12 	37.0397	11.4951	46.3082	15.7201	42.0749	1.03743	0.494953
40 <pt<50 	4<chiso range<13 	37.0397	11.4951	46.3082	14.6917	43.1321	0.839412	0.376638
40 <pt<50 	5<chiso range<10 	37.0397	11.4951	46.3082	17.5663	40.2438	1.33566	0.690202
40 <pt<50 	5<chiso range<11 	37.0397	11.4951	46.3082	16.2688	41.5371	1.13296	0.55347
40 <pt<50 	5<chiso range<12 	37.0397	11.4951	46.3082	15.2996	42.4908	0.959714	0.449048
40 <pt<50 	5<chiso range<13 	37.0397	11.4951	46.3082	14.2091	43.6186	0.736767	0.321068
40 <pt<50 	6<chiso range<11 	37.0397	11.4951	46.3082	15.5605	42.2408	1.00854	0.476759
40 <pt<50 	6<chiso range<12 	37.0397	11.4951	46.3082	14.5069	43.3115	0.800813	0.356203
40 <pt<50 	6<chiso range<13 	37.0397	11.4951	46.3082	13.3939	44.4397	0.546697	0.225495
40 <pt<50 	7<chiso range<12 	37.0397	11.4951	46.3082	13.6064	44.2159	0.598329	0.251733
40 <pt<50 	7<chiso range<13 	37.0397	11.4951	46.3082	12.4949	45.3443	0.30851	0.117689
40 <pt<50 	8<chiso range<13 	37.0397	11.4951	46.3082	11.8113	46.0459	0.103207	0.0323065
#######################################################################################
50 <pt<60 	3<chiso range<8 	19.0913	6.11727	27.0623	5.25949	27.881	0.408463	0.136462
50 <pt<60 	3<chiso range<9 	19.0913	6.11727	27.0623	5.0215	28.1679	0.546396	0.184858
50 <pt<60 	3<chiso range<10 	19.0913	6.11727	27.0623	5.53567	27.6138	0.263353	0.0913089
50 <pt<60 	3<chiso range<11 	19.0913	6.11727	27.0623	5.35146	27.7859	0.358426	0.120307
50 <pt<60 	3<chiso range<12 	19.0913	6.11727	27.0623	5.05108	28.1331	0.528654	0.178919
50 <pt<60 	3<chiso range<13 	19.0913	6.11727	27.0623	4.73313	28.4629	0.731939	0.235681
50 <pt<60 	4<chiso range<9 	19.0913	6.11727	27.0623	4.62386	28.5679	0.808275	0.25391
50 <pt<60 	4<chiso range<10 	19.0913	6.11727	27.0623	5.21578	27.9223	0.433019	0.143533
50 <pt<60 	4<chiso range<11 	19.0913	6.11727	27.0623	5.07107	28.1161	0.51665	0.176001
50 <pt<60 	4<chiso range<12 	19.0913	6.11727	27.0623	4.77436	28.411	0.7042	0.226721
50 <pt<60 	4<chiso range<13 	19.0913	6.11727	27.0623	4.4625	28.692	0.927624	0.276282
50 <pt<60 	5<chiso range<10 	19.0913	6.11727	27.0623	5.57468	27.5819	0.243891	0.0859363
50 <pt<60 	5<chiso range<11 	19.0913	6.11727	27.0623	5.3295	27.811	0.370071	0.124534
50 <pt<60 	5<chiso range<12 	19.0913	6.11727	27.0623	4.95655	28.2302	0.586243	0.19553
50 <pt<60 	5<chiso range<13 	19.0913	6.11727	27.0623	4.58127	28.621	0.838748	0.263116
50 <pt<60 	6<chiso range<11 	19.0913	6.11727	27.0623	5.09022	28.1051	0.505033	0.174073
50 <pt<60 	6<chiso range<12 	19.0913	6.11727	27.0623	4.68147	28.5087	0.767426	0.243597
50 <pt<60 	6<chiso range<13 	19.0913	6.11727	27.0623	4.28457	28.8741	1.0693	0.30834
50 <pt<60 	7<chiso range<12 	19.0913	6.11727	27.0623	4.60275	28.5688	0.823059	0.254004
50 <pt<60 	7<chiso range<13 	19.0913	6.11727	27.0623	4.14518	28.9904	1.18892	0.328954
50 <pt<60 	8<chiso range<13 	19.0913	6.11727	27.0623	4.03195	29.1078	1.29265	0.349943
#######################################################################################
60 <pt<400 	3<chiso range<8 	21.6457	8.60451	60.9977	6.24623	63.3302	1.2518	0.275847
60 <pt<400 	3<chiso range<9 	21.6457	8.60451	60.9977	6.37964	63.1855	1.15581	0.258495
60 <pt<400 	3<chiso range<10 	21.6457	8.60451	60.9977	6.59362	62.9833	1.01057	0.23411
60 <pt<400 	3<chiso range<11 	21.6457	8.60451	60.9977	6.52915	63.0462	1.05318	0.241665
60 <pt<400 	3<chiso range<12 	21.6457	8.60451	60.9977	6.68162	62.8911	0.953725	0.223056
60 <pt<400 	3<chiso range<13 	21.6457	8.60451	60.9977	6.60973	62.9618	1.00005	0.23153
60 <pt<400 	4<chiso range<9 	21.6457	8.60451	60.9977	6.21996	63.3622	1.27034	0.279647
60 <pt<400 	4<chiso range<10 	21.6457	8.60451	60.9977	6.49667	63.0786	1.07514	0.245579
60 <pt<400 	4<chiso range<11 	21.6457	8.60451	60.9977	6.43719	63.1353	1.11559	0.252405
60 <pt<400 	4<chiso range<12 	21.6457	8.60451	60.9977	6.61702	62.9551	0.995432	0.230739
60 <pt<400 	4<chiso range<13 	21.6457	8.60451	60.9977	6.54293	63.0272	1.04412	0.239393
60 <pt<400 	5<chiso range<10 	21.6457	8.60451	60.9977	6.80052	62.7953	0.878949	0.211562
60 <pt<400 	5<chiso range<11 	21.6457	8.60451	60.9977	6.67305	62.9198	0.958979	0.226476
60 <pt<400 	5<chiso range<12 	21.6457	8.60451	60.9977	6.86619	62.7166	0.838978	0.202166
60 <pt<400 	5<chiso range<13 	21.6457	8.60451	60.9977	6.75084	62.8306	0.909821	0.21579
60 <pt<400 	6<chiso range<11 	21.6457	8.60451	60.9977	6.87068	62.7408	0.836016	0.205034
60 <pt<400 	6<chiso range<12 	21.6457	8.60451	60.9977	7.07387	62.5214	0.716968	0.178867
60 <pt<400 	6<chiso range<13 	21.6457	8.60451	60.9977	6.91503	62.6764	0.809464	0.197346
60 <pt<400 	7<chiso range<12 	21.6457	8.60451	60.9977	7.20583	62.3782	0.64295	0.161828
60 <pt<400 	7<chiso range<13 	21.6457	8.60451	60.9977	6.98992	62.5855	0.764886	0.186538
60 <pt<400 	8<chiso range<13 	21.6457	8.60451	60.9977	7.0209	62.5684	0.746968	0.184433
#######################################################################################
