pt range	chiso range	DataNumber	FakeNumber	TrueNumber	fitFake_number	fitTrue_number	closureFake_test	closureTrue_test
#######################################################################################
20 <pt<25 	3<chiso range<8 	118.85	51.9632	0	54.7844	69.216	0.489926	5.66555
20 <pt<25 	3<chiso range<9 	118.85	51.9632	0	54.9199	68.6558	0.510198	5.57493
20 <pt<25 	3<chiso range<10 	118.85	51.9632	0	55.9058	67.2559	0.666128	5.40403
20 <pt<25 	3<chiso range<11 	118.85	51.9632	0	56.5877	66.3941	0.770894	5.30537
20 <pt<25 	3<chiso range<12 	118.85	51.9632	0	56.04	67.0196	0.686574	5.37309
20 <pt<25 	3<chiso range<13 	118.85	51.9632	0	55.4309	67.6977	0.590667	5.44596
20 <pt<25 	4<chiso range<9 	118.85	51.9632	0	51.7614	72.0151	0.0369939	5.93547
20 <pt<25 	4<chiso range<10 	118.85	51.9632	0	53.5271	69.7224	0.276084	5.66126
20 <pt<25 	4<chiso range<11 	118.85	51.9632	0	54.6401	68.3642	0.46211	5.50636
20 <pt<25 	4<chiso range<12 	118.85	51.9632	0	54.2277	68.8578	0.394117	5.56179
20 <pt<25 	4<chiso range<13 	118.85	51.9632	0	53.7232	69.4336	0.30934	5.62525
20 <pt<25 	5<chiso range<10 	118.85	51.9632	0	52.9309	70.215	0.17258	5.70367
20 <pt<25 	5<chiso range<11 	118.85	51.9632	0	54.3302	68.5784	0.410611	5.52174
20 <pt<25 	5<chiso range<12 	118.85	51.9632	0	53.8979	69.0977	0.338517	5.58018
20 <pt<25 	5<chiso range<13 	118.85	51.9632	0	53.3617	69.7134	0.24729	5.64819
20 <pt<25 	6<chiso range<11 	118.85	51.9632	0	56.9956	66.0001	0.83308	5.26711
20 <pt<25 	6<chiso range<12 	118.85	51.9632	0	56.0549	67.051	0.689236	5.38022
20 <pt<25 	6<chiso range<13 	118.85	51.9632	0	55.1192	68.0809	0.540984	5.49088
20 <pt<25 	7<chiso range<12 	118.85	51.9632	0	57.3524	65.5805	0.885368	5.21328
20 <pt<25 	7<chiso range<13 	118.85	51.9632	0	56.0216	66.9412	0.683248	5.3598
20 <pt<25 	8<chiso range<13 	118.85	51.9632	0	55.9083	66.8381	0.664402	5.33586
#######################################################################################
25 <pt<30 	3<chiso range<8 	64.6011	23.1918	0	23.8291	43.591	0.155592	4.7786
25 <pt<30 	3<chiso range<9 	64.6011	23.1918	0	21.9908	45.4985	0.317811	5.06517
25 <pt<30 	3<chiso range<10 	64.6011	23.1918	0	24.451	43.0626	0.300346	4.71275
25 <pt<30 	3<chiso range<11 	64.6011	23.1918	0	23.925	43.5248	0.178445	4.77353
25 <pt<30 	3<chiso range<12 	64.6011	23.1918	0	23.9649	43.4528	0.187714	4.75887
25 <pt<30 	3<chiso range<13 	64.6011	23.1918	0	25.036	42.3881	0.428839	4.60185
25 <pt<30 	4<chiso range<9 	64.6011	23.1918	0	22.2235	45.3594	0.254205	5.0584
25 <pt<30 	4<chiso range<10 	64.6011	23.1918	0	25.0981	42.5681	0.444812	4.66143
25 <pt<30 	4<chiso range<11 	64.6011	23.1918	0	24.4299	43.1031	0.295809	4.72336
25 <pt<30 	4<chiso range<12 	64.6011	23.1918	0	24.4365	43.0336	0.296887	4.7051
25 <pt<30 	4<chiso range<13 	64.6011	23.1918	0	25.6217	41.8586	0.553114	4.53274
25 <pt<30 	5<chiso range<10 	64.6011	23.1918	0	22.3224	45.3409	0.227669	5.06661
25 <pt<30 	5<chiso range<11 	64.6011	23.1918	0	21.9459	45.5874	0.330853	5.08735
25 <pt<30 	5<chiso range<12 	64.6011	23.1918	0	22.2254	45.2619	0.253121	5.03056
25 <pt<30 	5<chiso range<13 	64.6011	23.1918	0	23.7385	43.7105	0.134141	4.80324
25 <pt<30 	6<chiso range<11 	64.6011	23.1918	0	23.3215	44.1464	0.0324022	4.87039
25 <pt<30 	6<chiso range<12 	64.6011	23.1918	0	23.472	43.9417	0.0694692	4.83317
25 <pt<30 	6<chiso range<13 	64.6011	23.1918	0	25.1781	42.2493	0.459481	4.58359
25 <pt<30 	7<chiso range<12 	64.6011	23.1918	0	23.8485	43.5716	0.160288	4.7788
25 <pt<30 	7<chiso range<13 	64.6011	23.1918	0	25.7987	41.6379	0.588791	4.49495
25 <pt<30 	8<chiso range<13 	64.6011	23.1918	0	26.6695	40.7881	0.76049	4.37392
#######################################################################################
30 <pt<40 	3<chiso range<8 	54.7193	20.8391	0	19.8743	50.2788	0.231004	5.40978
30 <pt<40 	3<chiso range<9 	54.7193	20.8391	0	19.5053	50.6299	0.325231	5.46413
30 <pt<40 	3<chiso range<10 	54.7193	20.8391	0	18.5533	51.5866	0.585741	5.61785
30 <pt<40 	3<chiso range<11 	54.7193	20.8391	0	17.8137	52.2592	0.80726	5.73476
30 <pt<40 	3<chiso range<12 	54.7193	20.8391	0	17.0487	53.0003	1.05641	5.85683
30 <pt<40 	3<chiso range<13 	54.7193	20.8391	0	16.9484	53.1026	1.09066	5.87342
30 <pt<40 	4<chiso range<9 	54.7193	20.8391	0	18.7417	51.4034	0.532159	5.5889
30 <pt<40 	4<chiso range<10 	54.7193	20.8391	0	17.8257	52.2557	0.80362	5.73483
30 <pt<40 	4<chiso range<11 	54.7193	20.8391	0	17.0678	52.9935	1.05007	5.85646
30 <pt<40 	4<chiso range<12 	54.7193	20.8391	0	16.2483	53.8316	1.34198	5.98808
30 <pt<40 	4<chiso range<13 	54.7193	20.8391	0	16.2128	53.873	1.35522	5.99457
30 <pt<40 	5<chiso range<10 	54.7193	20.8391	0	17.2082	52.872	1.00302	5.83755
30 <pt<40 	5<chiso range<11 	54.7193	20.8391	0	16.4088	53.689	1.28273	5.96578
30 <pt<40 	5<chiso range<12 	54.7193	20.8391	0	15.5726	54.5077	1.60601	6.09898
30 <pt<40 	5<chiso range<13 	54.7193	20.8391	0	15.6088	54.4795	1.59123	6.09419
30 <pt<40 	6<chiso range<11 	54.7193	20.8391	0	16.9862	53.1138	1.07877	5.88039
30 <pt<40 	6<chiso range<12 	54.7193	20.8391	0	15.9167	54.179	1.46911	6.04621
30 <pt<40 	6<chiso range<13 	54.7193	20.8391	0	15.9135	54.1888	1.47021	6.04734
30 <pt<40 	7<chiso range<12 	54.7193	20.8391	0	15.6921	54.383	1.55764	6.07846
30 <pt<40 	7<chiso range<13 	54.7193	20.8391	0	15.7192	54.3717	1.54683	6.07673
30 <pt<40 	8<chiso range<13 	54.7193	20.8391	0	13.9808	56.1152	2.32934	6.36422
#######################################################################################
40 <pt<60 	3<chiso range<8 	34.3508	11.2262	0	12.9982	41.8792	0.519391	5.18414
40 <pt<60 	3<chiso range<9 	34.3508	11.2262	0	12.8587	42.0164	0.483608	5.21027
40 <pt<60 	3<chiso range<10 	34.3508	11.2262	0	12.546	42.3202	0.400459	5.26721
40 <pt<60 	3<chiso range<11 	34.3508	11.2262	0	12.4327	42.4302	0.369314	5.28771
40 <pt<60 	3<chiso range<12 	34.3508	11.2262	0	12.7772	42.1056	0.46197	5.22407
40 <pt<60 	3<chiso range<13 	34.3508	11.2262	0	12.177	42.7016	0.297041	5.33957
40 <pt<60 	4<chiso range<9 	34.3508	11.2262	0	12.059	42.8162	0.263021	5.36663
40 <pt<60 	4<chiso range<10 	34.3508	11.2262	0	11.8645	43.0001	0.204759	5.40008
40 <pt<60 	4<chiso range<11 	34.3508	11.2262	0	11.836	43.0252	0.196033	5.40391
40 <pt<60 	4<chiso range<12 	34.3508	11.2262	0	12.2579	42.6261	0.320238	5.32525
40 <pt<60 	4<chiso range<13 	34.3508	11.2262	0	11.6711	43.2078	0.144979	5.43809
40 <pt<60 	5<chiso range<10 	34.3508	11.2262	0	11.0934	43.7755	0.045567	5.55316
40 <pt<60 	5<chiso range<11 	34.3508	11.2262	0	11.1841	43.6782	0.0143229	5.53248
40 <pt<60 	5<chiso range<12 	34.3508	11.2262	0	11.7164	43.1709	0.159196	5.43261
40 <pt<60 	5<chiso range<13 	34.3508	11.2262	0	11.1375	43.7412	0.0302855	5.54262
40 <pt<60 	6<chiso range<11 	34.3508	11.2262	0	11.4415	43.4166	0.0715746	5.47959
40 <pt<60 	6<chiso range<12 	34.3508	11.2262	0	12.0342	42.8581	0.255418	5.37022
40 <pt<60 	6<chiso range<13 	34.3508	11.2262	0	11.3209	43.5656	0.0318055	5.50742
40 <pt<60 	7<chiso range<12 	34.3508	11.2262	0	11.4463	43.4549	0.0731144	5.48574
40 <pt<60 	7<chiso range<13 	34.3508	11.2262	0	10.7192	44.1767	0.179778	5.62657
40 <pt<60 	8<chiso range<13 	34.3508	11.2262	0	11.2986	43.6288	0.0243673	5.52044
#######################################################################################
60 <pt<400 	3<chiso range<8 	16.3351	6.11727	0	4.71154	40.0982	0.806158	5.89263
60 <pt<400 	3<chiso range<9 	16.3351	6.11727	0	4.60315	40.2095	0.889205	5.91962
60 <pt<400 	3<chiso range<10 	16.3351	6.11727	0	4.63253	40.1852	0.867077	5.91577
60 <pt<400 	3<chiso range<11 	16.3351	6.11727	0	4.77126	40.0482	0.763403	5.88459
60 <pt<400 	3<chiso range<12 	16.3351	6.11727	0	4.64748	40.1647	0.855315	5.91087
60 <pt<400 	3<chiso range<13 	16.3351	6.11727	0	4.62341	40.1819	0.873378	5.9159
60 <pt<400 	4<chiso range<9 	16.3351	6.11727	0	4.79327	40.0293	0.74774	5.88107
60 <pt<400 	4<chiso range<10 	16.3351	6.11727	0	4.79628	40.0341	0.746166	5.88405
60 <pt<400 	4<chiso range<11 	16.3351	6.11727	0	4.9361	39.8946	0.648371	5.85194
60 <pt<400 	4<chiso range<12 	16.3351	6.11727	0	4.77477	40.0473	0.761106	5.88517
60 <pt<400 	4<chiso range<13 	16.3351	6.11727	0	4.7449	40.0737	0.782642	5.8904
60 <pt<400 	5<chiso range<10 	16.3351	6.11727	0	4.66093	40.1782	0.847148	5.91948
60 <pt<400 	5<chiso range<11 	16.3351	6.11727	0	4.84961	39.9895	0.708713	5.87555
60 <pt<400 	5<chiso range<12 	16.3351	6.11727	0	4.67337	40.1527	0.83667	5.91056
60 <pt<400 	5<chiso range<13 	16.3351	6.11727	0	4.65091	40.1703	0.853363	5.91344
60 <pt<400 	6<chiso range<11 	16.3351	6.11727	0	4.95849	39.8847	0.633916	5.85231
60 <pt<400 	6<chiso range<12 	16.3351	6.11727	0	4.72807	40.0987	0.795743	5.89821
60 <pt<400 	6<chiso range<13 	16.3351	6.11727	0	4.69412	40.1264	0.820595	5.9033
60 <pt<400 	7<chiso range<12 	16.3351	6.11727	0	4.07676	40.7552	1.35573	6.04924
60 <pt<400 	7<chiso range<13 	16.3351	6.11727	0	4.13573	40.688	1.29687	6.03243
60 <pt<400 	8<chiso range<13 	16.3351	6.11727	0	4.52856	40.2909	0.949447	5.94138
#######################################################################################
