fake16=[1.199,1.221,1.217,1.251]

QCD_pdf=[1.011,1.012,1.017,1.009]

SigOut_pdf=[1.039,1.037,1.037,1.043]

QCD_scale=[1.123,1.126,1.093,1.097]

scale_muR1=[1.017,1.016,1.026,1.038]
scale_muF1=[1.105,1.102,1.065,1.058]
scale_muFmuR=[1.123,1.119,1.092,1.097]

QCD_scale_up=[1.015,1.017,1.032,1.046]

QCD_scale_down=[0.981,0.985,0.980,0.970]

SigOut_scale=[1.024,1.038,1.056,1.078]

jes16_ZA-EWKout=[1.156,1.136,1.144,1.058]
jes16_ZA=[1.343,1.183,1.123,1.079]
jes16_TTA=[1.028,1.028,1.028,1.028]
jes16_VV=[1.299,1.299,1.299,1.000]
jes16_ST=[1.000,1.139,1.139,1.000]

jer16_ZA-EWKout=[1.080,1.069,1.046,1.074]
jer16_ZA=[1.295,1.110,1.116,1.058]
jer16_TTA=[1.051,1.051,1.051,1.051]
jer16_VV=[1.134,1.134,1.134,1.000]
jer16_ST=[1.000,1.139,1.139,1.000]

l1pref_ZA=[1.01,1.01,1.01,1.01]
l1pref_ZA-EWK=[1.02,1.02,1.02,1.03]
l1pref_TTA=[1.01,1.01,1.01,1.01]
l1pref_VV=[1.01,1.01,1.01,1.00]
l1pref_ST=[1.00,1.00,1.00,1.00]

interf=[1.03,1.05,1.03,1.02]

genbin1_scale=[1.000,1.004,1.019,1.000]
genbin2_scale=[1.007,1.000,1.004,1.000]
genbin3_scale=[1.000,1.020,1.000,1.005]
genbin4_scale=[1.000,1.000,1.016,1.000]

genbin1_pdf=[1.000,1.010,1.026,1.000]
genbin2_pdf=[1.009,1.000,1.011,1.000]
genbin3_pdf=[1.000,1.015,1.000,1.046]
genbin4_pdf=[1.000,1.000,1.019,1.001]

ele_ZA_ID=[1.017,1.015,1.020,1.046]
ele_ZA-EWK_ID=[1.024,1.023,1.025,1.030]
ele_TTA_ID=[1.007,1.007,1.010,1.000]
ele_VV_ID=[1.000,1.005,1.000,1.000]
ele_ST_ID=[1.000,1.000,1.000,1.000]

ele_ZA_reco=[1.003,1.005,1.006,1.007]
ele_ZA-EWK_reco=[1.004,1.005,1.005,1.005]
ele_TTA_reco=[1.002,1.003,1.003,1.000]
ele_VV_reco=[1.000,1.003,1.000,1.000]
ele_ST_reco=[1.000,1.000,1.000,1.000]

muon_ZA_all=[1.014,1.019,1.018,1.017]
muon_ZA-EWK_all=[1.012,1.017,1.018,1.017]
muon_TTA_all=[1.011,1.017,1.015,1.016]
muon_VV_all=[1.012,1.000,1.019,1.000]
muon_ST_all=[1.000,1.000,1.000,1.000]

muon_ZA_trigger=[1.005,1.004,1.005,1.003]
muon_ZA-EWK_trigger=[1.004,1.004,1.004,1.004]
muon_TTA_trigger=[1.004,1.004,1.005,1.004]
muon_VV_trigger=[1.004,1.000,1.007,1.000]
muon_ST_trigger=[1.000,1.000,1.000,1.000]

photon_ZA_ID=[1.010,1.029,1.060,1.063]
photon_ZA-EWK_ID=[1.009,1.030,1.061,1.057]
photon_TTA_ID=[1.010,1.002,1.057,1.078]
photon_VV_ID=[1.009,1.014,1.015,1.000]
photon_ST_ID=[1.000,1.000,1.000,1.000]

pileup_ZA=[1.00,1.02,1.01,1.02]
pileup_ZA-EWK=[1.01,1.00,1.00,1.00]
pileup_TTA=[1.05,1.05,1.05,1.05]
pileup_VV=[1.12,1.12,1.12,1.00]
pileup_ST=[1.00,1.00,1.00,1.00]

genbin1_pu=[1.005,1.015,1.108,1.000]
genbin2_pu=[1.014,1.004,1.002,1.000]
genbin3_pu=[1.000,1.009,1.005,1.013]
genbin4_pu=[1.000,1.000,1.012,1.002]

genbin1_pref=[1.019,1.018,1.002,1.000]
genbin2_pref=[1.023,1.022,1.024,1.000]
genbin3_pref=[1.000,1.025,1.025,1.028]
genbin4_pref=[1.000,1.000,1.031,1.025]

genbin1_interf=[1.025,1.061,1.000,1.000]
genbin2_interf=[1.024,1.045,1.074,1.000]
genbin3_interf=[1.000,1.126,1.030,1.019]
genbin4_interf=[1.000,1.000,1.000,1.010]

genbin1_jes=[1.014,1.022,1.000,1.000]
genbin2_jes=[1.008,1.010,1.021,1.000]
genbin3_jes=[1.000,1.026,1.007,1.038]
genbin4_jes=[1.000,1.000,1.020,1.007]

genbin1_jer=[1.010,1.040,1.000,1.000]
genbin2_jer=[1.008,1.006,1.004,1.000]
genbin3_jer=[1.000,1.017,1.004,1.012]
genbin4_jer=[1.000,1.000,1.009,1.007]

ZA_eff=[1.005,1.004,1.003,1.002]
ZA-EWKout_eff=[1.005,1.004,1.004,1.003]
TTA_eff=[1.001,1.003,1.003,1.000]
ST_eff=[1.000,1.000,1.000,1.000]
VV_eff=[1.005,1.007,1.000,1.000]

ZA_mis=[1.072,1.018,1.014,1.011]
ZA-EWKout_mis=[1.027,1.002,1.002,1.002]
TTA_mis=[1.001,1.002,1.000,1.000]
ST_mis=[1.000,1.000,1.000,1.000]
VV_mis=[1.032,1.000,1.019,1.000]

genbin1_eff=[1.002,1.001,1.003,1.000]
genbin2_eff=[1.001,1.001,1.001,1.000]
genbin3_eff=[1.000,1.001,1.001,1.001]
genbin4_eff=[1.000,1.000,1.001,1.001]

genbin1_mis=[1.003,1.000,1.000,1.000]
genbin2_mis=[1.000,1.002,1.000,1.000]
genbin3_mis=[1.000,1.000,1.000,1.000]
genbin4_mis=[1.000,1.000,1.000,1.000]

