fake18=[1.162,1.168,1.189,1.247]

QCD_pdf=[1.011,1.017,1.008,1.051]

SigOut_pdf=[1.001,1.001,1.002,1.004]

QCD_scale=[1.109,1.147,1.134,1.131]

QCD_scale_up=[0.999,1.043,1.039,1.044]

QCD_scale_down=[0.998,0.963,0.968,0.965]

SigOut_scale=[1.038,1.051,1.076,1.092]

ZA-EWKout_jes=[1.045,1.013,1.006,1.004]
ZA_jes=[1.284,1.112,1.083,1.078]
TTA_jes=[1.062,1.062,1.062,1.062]
VV_jes=[1.146,1.146,1.000,1.146]
ST_jes=[1.414,1.414,1.414,1.000]

ZA-EWKout_jer=[1.004,1.000,1.003,1.001]
ZA_jer=[1.210,1.060,1.093,1.062]
TTA_jer=[1.047,1.047,1.047,1.047]
VV_jer=[1.291,1.291,1.000,1.291]
ST_jer=[1.191,1.191,1.191,1.000]

genbin1_scale=[1.00,1.01,1.00,1.00]
genbin2_scale=[1.01,1.00,1.00,1.00]
genbin3_scale=[1.07,1.01,1.00,1.01]
genbin4_scale=[1.00,1.01,1.01,1.00]

genbin1_pdf=[1.000,1.001,1.011,1.000]
genbin2_pdf=[1.001,1.000,1.001,1.000]
genbin3_pdf=[1.004,1.001,1.000,1.002]
genbin4_pdf=[1.000,1.003,1.005,1.000]

ele_ID=[1.029]

ele_reco=[1.003]

muon_all=[1.002]

muon_trigger=[1.005]

photon_ID=[1.028]

genbin1_jes=[1.020,1.006,1.000,1.000]
genbin2_jes=[1.017,1.006,1.005,1.000]
genbin3_jes=[1.306,1.004,1.003,1.007]
genbin4_jes=[1.000,1.000,1.000,1.002]

genbin1_jer=[1.010,1.009,1.000,1.000]
genbin2_jer=[1.027,1.003,1.000,1.000]
genbin3_jer=[1.306,1.008,1.003,1.007]
genbin4_jer=[1.000,1.000,1.000,1.001]

