fake17=[1.191,1.200,1.209,1.206]

QCD_pdf=[1.011,1.014,1.008,1.030]

SigOut_pdf=[1.001,1.001,1.017,1.007]

QCD_scale=[1.114,1.165,1.161,1.187]

scale_muR1=[1.011,1.044,1.023,1.022]
scale_muF1=[1.103,1.119,1.105,1.098]
scale_muFmuR=[1.092,1.165,1.129,1.120]

QCD_scale_up=[0.988,1.047,1.026,1.026]

QCD_scale_down=[1.010,0.959,0.979,0.981]

SigOut_scale=[1.034,1.047,1.065,1.085]

jes17_ZA-EWKout=[1.330,1.159,1.113,1.099]
jes17_ZA=[1.401,1.160,1.196,1.096]
jes17_TTA=[1.178,1.178,1.178,1.178]
jes17_VV=[1.412,1.412,1.412,1.412]
jes17_ST=[1.256,1.256,1.000,1.000]

jer17_ZA-EWKout=[1.239,1.113,1.110,1.086]
jer17_ZA=[1.330,1.094,1.102,1.103]
jer17_TTA=[1.250,1.250,1.250,1.250]
jer17_VV=[1.364,1.364,1.364,1.364]
jer17_ST=[1.020,1.020,1.000,1.000]

l1pref_ZA=[1.01,1.02,1.02,1.03]
l1pref_ZA-EWK=[1.02,1.04,1.05,1.05]
l1pref_TTA=[1.02,1.05,0.65,1.03]
l1pref_VV=[1.02,1.01,1.02,1.07]
l1pref_ST=[1.01,1.00,1.00,1.00]

interf=[1.02,1.02,1.06,1.06]

genbin1_scale=[1.001,1.003,1.000,1.000]
genbin2_scale=[1.010,1.000,1.002,1.017]
genbin3_scale=[1.086,1.012,1.000,1.007]
genbin4_scale=[1.040,1.072,1.009,1.001]

genbin1_pdf=[1.000,1.002,1.005,1.005]
genbin2_pdf=[1.001,1.000,1.007,1.006]
genbin3_pdf=[1.001,1.002,1.002,1.004]
genbin4_pdf=[1.002,1.002,1.003,1.001]

ele_ZA_ID=[1.039,1.031,1.051,1.020]
ele_ZA-EWK_ID=[1.034,1.033,1.035,1.043]
ele_TTA_ID=[1.003,1.161,1.000,1.131]
ele_VV_ID=[1.016,1.000,1.023,1.000]
ele_ST_ID=[1.018,1.009,1.000,1.000]

ele_ZA_reco=[1.004,1.004,1.004,1.004]
ele_ZA-EWK_reco=[1.004,1.004,1.004,1.004]
ele_TTA_reco=[1.003,1.006,1.000,1.002]
ele_VV_reco=[1.004,1.000,1.001,1.000]
ele_ST_reco=[1.003,1.006,1.000,1.000]

muon_ZA_all=[1.008,1.007,1.006,1.006]
muon_ZA-EWK_all=[1.008,1.009,1.009,1.008]
muon_TTA_all=[1.008,1.009,1.002,1.007]
muon_VV_all=[1.010,1.004,1.010,1.011]
muon_ST_all=[1.020,1.003,1.000,1.000]

muon_ZA_trigger=[1.013,1.006,1.009,1.004]
muon_ZA-EWK_trigger=[1.003,1.001,1.002,1.002]
muon_TTA_trigger=[1.028,1.004,1.029,1.005]
muon_VV_trigger=[1.025,1.005,1.004,1.004]
muon_ST_trigger=[1.010,1.002,1.000,1.000]

photon_ZA_ID=[1.027,1.032,1.031,1.042]
photon_ZA-EWK_ID=[1.030,1.032,1.039,1.047]
photon_TTA_ID=[1.052,1.032,1.000,1.010]
photon_VV_ID=[1.027,1.041,1.020,1.031]
photon_ST_ID=[1.020,1.020,1.000,1.000]

pileup_ZA=[1.01,1.00,1.02,1.05]
pileup_ZA-EWK=[1.01,1.01,1.01,1.00]
pileup_TTA=[1.01,1.01,1.01,1.01]
pileup_VV=[1.02,1.02,1.02,1.02]
pileup_ST=[1.05,1.05,1.00,1.00]

genbin1_pu=[1.008,1.008,1.000,1.000]
genbin2_pu=[1.001,1.009,1.016,1.022]
genbin3_pu=[1.005,1.010,1.012,1.007]
genbin4_pu=[1.129,1.094,1.003,1.000]

genbin1_pref=[1.023,1.041,1.000,1.000]
genbin2_pref=[1.044,1.044,1.063,1.267]
genbin3_pref=[1.070,1.061,1.050,1.069]
genbin4_pref=[1.008,1.047,1.062,1.045]

genbin1_interf=[1.026,1.030,1.000,1.000]
genbin2_interf=[1.000,1.016,1.032,1.000]
genbin3_interf=[1.000,1.058,1.056,1.089]
genbin4_interf=[1.000,1.000,1.115,1.074]

genbin1_jes=[1.109,1.038,1.000,1.000]
genbin2_jes=[1.059,1.032,1.023,1.095]
genbin3_jes=[1.089,1.025,1.030,1.030]
genbin4_jes=[1.000,1.000,1.032,1.013]

genbin1_jer=[1.094,1.034,1.000,1.000]
genbin2_jer=[1.042,1.029,1.018,1.213]
genbin3_jer=[1.110,1.005,1.022,1.027]
genbin4_jer=[1.000,1.000,1.019,1.013]

ZA_eff=[1.012,1.007,1.008,1.001]
ZA-EWKout_eff=[1.027,1.017,1.013,1.017]
TTA_eff=[1.008,1.006,0.987,1.000]
ST_eff=[1.000,1.000,1.000,1.000]
VV_eff=[1.018,1.000,1.000,1.000]

ZA_mis=[1.140,1.008,1.007,1.017]
ZA-EWKout_mis=[1.023,1.003,1.005,1.003]
TTA_mis=[1.047,1.000,1.000,1.000]
ST_mis=[1.000,1.000,1.000,1.000]
VV_mis=[1.041,1.000,1.000,1.000]

genbin1_eff=[1.016,1.006,1.000,1.000]
genbin2_eff=[1.006,1.005,1.004,1.010]
genbin3_eff=[1.002,1.003,1.004,1.004]
genbin4_eff=[1.000,1.000,1.001,1.003]

genbin1_mis=[1.006,1.000,1.000,1.000]
genbin2_mis=[1.000,1.000,1.000,1.000]
genbin3_mis=[1.000,1.000,1.000,1.001]
genbin4_mis=[1.000,1.000,1.000,1.000]

