fake17=[1.186,1.201,1.220,1.204]

QCD_pdf=[1.011,1.016,1.022,1.009]

SigOut_pdf=[1.002,1.002,1.002,1.018]

QCD_scale=[1.117,1.145,1.114,1.111]

QCD_scale_up=[1.006,1.023,1.031,0.976]

QCD_scale_down=[0.994,0.982,0.974,1.027]

SigOut_scale=[1.036,1.049,1.057,1.081]

jes17_ZA-EWKout=[1.275,1.214,1.229,1.112]
jes17_ZA=[1.461,1.258,1.314,1.176]
jes17_TTA=[1.233,1.233,1.233,1.233]
jes17_VV=[1.473,1.473,1.473,1.473]
jes17_ST=[1.256,1.256,1.256,1.000]

jer17_ZA-EWKout=[1.201,1.146,1.189,1.110]
jer17_ZA=[1.397,1.248,1.253,1.060]
jer17_TTA=[1.292,1.292,1.292,1.292]
jer17_VV=[1.396,1.396,1.396,1.396]
jer17_ST=[1.020,1.020,1.020,1.000]

l1pref=[1.02,1.02,1.03,1.03]

interf=[1.03,1.04,1.01,1.03]

genbin1_scale=[1.000,1.004,1.031,1.006]
genbin2_scale=[1.004,1.000,1.005,1.036]
genbin3_scale=[1.074,1.004,1.000,1.001]
genbin4_scale=[1.000,1.000,1.021,1.000]

genbin1_pdf=[1.000,1.001,1.002,1.003]
genbin2_pdf=[1.004,1.000,1.001,1.004]
genbin3_pdf=[1.006,1.001,1.000,1.002]
genbin4_pdf=[1.000,1.000,1.006,1.000]

ele_ID=[1.034]

ele_reco=[1.004]

muon_all=[1.008]

muon_trigger=[1.000]

photon_ID=[1.033]

genbin1_pref=[1.033,1.033,1.015,1.078]
genbin2_pref=[1.039,1.038,1.037,1.048]
genbin3_pref=[1.090,1.041,1.039,1.028]
genbin4_pref=[1.000,1.000,1.052,1.043]

genbin1_interf=[1.027,1.048,1.000,1.000]
genbin2_interf=[1.013,1.037,1.000,1.000]
genbin3_interf=[1.000,1.027,1.014,1.040]
genbin4_interf=[1.000,1.000,1.089,1.048]

genbin1_jes=[1.084,1.045,1.000,1.000]
genbin2_jes=[1.080,1.066,1.069,1.000]
genbin3_jes=[1.000,1.062,1.042,1.038]
genbin4_jes=[1.000,1.000,1.055,1.031]

genbin1_jer=[1.074,1.048,1.000,1.000]
genbin2_jer=[1.064,1.059,1.052,1.000]
genbin3_jer=[1.000,1.049,1.041,1.002]
genbin4_jer=[1.000,1.000,1.016,1.029]

ZA_eff=[1.006,1.003,1.005,1.006]
ZA-EWKout_eff=[1.019,1.014,1.011,1.011]
TTA_eff=[1.012,1.001,1.000,1.006]
ST_eff=[1.003,1.002,1.003,1.000]
VV_eff=[1.001,1.003,1.049,1.002]

ZA_mis=[1.006,1.000,1.000,1.001]
ZA-EWKout_mis=[1.008,1.019,1.012,1.001]
TTA_mis=[1.051,1.000,1.000,1.000]
ST_mis=[1.000,1.000,1.000,1.000]
VV_mis=[1.004,1.000,1.000,1.000]

genbin1_eff=[1.008,1.008,1.000,1.000]
genbin2_eff=[1.006,1.007,1.006,1.000]
genbin3_eff=[1.000,1.004,1.005,1.001]
genbin4_eff=[1.000,1.000,1.001,1.003]

genbin1_mis=[1.000,1.000,1.000,1.000]
genbin2_mis=[1.000,1.000,1.000,1.000]
genbin3_mis=[1.000,1.000,1.000,1.000]
genbin4_mis=[1.000,1.000,1.000,1.000]

