fake18=[1.161,1.237,1.241,1.270]

QCD_pdf=[1.011,1.009,1.010,1.030]

SigOut_pdf=[1.001,1.002,1.001,1.002]

QCD_scale=[1.111,1.114,1.159,1.125]

QCD_scale_up=[1.002,1.014,1.051,1.074]

QCD_scale_down=[0.996,0.988,0.958,0.933]

SigOut_scale=[1.038,1.064,1.063,1.080]

jes18_ZA-EWKout=[1.147,1.170,1.183,1.113]
jes18_ZA=[1.299,1.210,1.294,1.173]
jes18_TTA=[1.061,1.061,1.061,1.061]
jes18_VV=[1.140,1.140,1.140,1.140]
jes18_ST=[1.414,1.000,1.414,1.000]

jer18_ZA-EWKout=[1.058,1.065,1.128,1.037]
jer18_ZA=[1.266,1.098,1.188,1.090]
jer18_TTA=[1.046,1.046,1.046,1.046]
jer18_VV=[1.280,1.280,1.280,1.280]
jer18_ST=[1.191,1.000,1.191,1.000]

interf=[1.03,1.05,1.04,1.02]

genbin1_scale=[1.000,1.001,1.000,1.047]
genbin2_scale=[1.004,1.000,1.022,1.000]
genbin3_scale=[1.007,1.002,1.000,1.001]
genbin4_scale=[1.000,1.000,1.003,1.000]

genbin1_pdf=[1.000,1.002,1.000,1.003]
genbin2_pdf=[1.001,1.000,1.003,1.000]
genbin3_pdf=[1.002,1.004,1.000,1.016]
genbin4_pdf=[1.000,1.000,1.005,1.000]

ele_ID=[1.029]

ele_reco=[1.003]

muon_all=[1.002]

muon_trigger=[1.005]

photon_ID=[1.028]

genbin1_interf=[1.030,1.000,1.000,1.000]
genbin2_interf=[1.062,1.047,1.000,1.000]
genbin3_interf=[1.000,1.000,1.045,1.000]
genbin4_interf=[1.000,1.000,1.000,1.042]

genbin1_jes=[1.012,1.000,1.000,1.000]
genbin2_jes=[1.043,1.012,1.000,1.000]
genbin3_jes=[1.000,1.029,1.009,1.000]
genbin4_jes=[1.000,1.000,1.000,1.008]

genbin1_jer=[1.006,1.000,1.000,1.000]
genbin2_jer=[1.043,1.006,1.046,1.000]
genbin3_jer=[1.000,1.029,1.007,1.000]
genbin4_jer=[1.000,1.000,1.000,1.008]

