fake16=[1.196,1.267,1.265,1.339]

QCD_pdf=[1.011,1.009,1.010,1.030]

SigOut_pdf=[1.038,1.040,1.042,1.039]

QCD_scale=[1.131,1.131,1.098,1.161]

QCD_scale_up=[1.022,1.029,1.004,1.055]

QCD_scale_down=[0.978,0.979,0.998,0.960]

SigOut_scale=[1.039,1.048,1.062,1.081]

jes16_ZA=[1.16,1.12,1.13,1.05]
jes16_ZA-EWK=[1.02,1.01,1.02,1.00]
jes16_TTA=[1.05,1.17,1.00,1.02]
jes16_VV=[1.00,1.00,1.00,1.00]
jes16_ST=[1.50,1.00,1.00,1.00]

jer16_ZA=[1.13,1.08,1.08,1.05]
jer16_ZA-EWK=[1.00,1.00,1.00,1.01]
jer16_TTA=[1.00,1.17,1.15,1.03]
jer16_VV=[1.00,1.00,1.00,1.00]
jer16_ST=[1.99,1.00,1.00,1.00]

l1pref=[1.02,1.02,1.02,1.03]

genbin1_scale=[1.07,1.06,1.00,1.00]
genbin2_scale=[1.07,1.07,1.06,1.00]
genbin3_scale=[1.10,1.08,1.08,1.10]
genbin4_scale=[1.11,1.06,1.10,1.10]

genbin1_pdf=[1.037,1.036,1.000,1.000]
genbin2_pdf=[1.049,1.039,1.042,1.000]
genbin3_pdf=[1.052,1.049,1.038,1.070]
genbin4_pdf=[1.082,1.046,1.050,1.044]

ele_ID=[1.063]

ele_reco=[1.012]

muon_all=[1.024]

muon_trigger=[1.006]

photon_ID=[1.026]

