fake17=[1.187,1.373,1.392,1.357]

QCD_pdf=[1.011,1.009,1.009,1.024]

SigOut_pdf=[1.001,1.002,1.003,1.033]

QCD_scale=[1.104,1.138,1.117,1.124]

scale_muR1=[1.002,1.028,1.006,1.008]
scale_muF1=[1.099,1.109,1.110,1.117]
scale_muFmuR=[1.103,1.138,1.103,1.124]

QCD_scale_up=[1.002,1.030,0.996,1.011]

QCD_scale_down=[0.997,0.974,1.007,0.994]

SigOut_scale=[1.036,1.053,1.065,1.064]

jes17_ZA-EWKout=[1.238,1.292,1.227,1.231]
jes17_ZA=[1.411,1.281,1.332,1.179]
jes17_TTA=[1.229,1.229,1.229,1.229]
jes17_VV=[1.473,1.473,1.473,1.473]
jes17_ST=[1.256,1.000,1.000,1.000]

jer17_ZA-EWKout=[1.182,1.197,1.158,1.114]
jer17_ZA=[1.353,1.226,1.272,1.141]
jer17_TTA=[1.289,1.289,1.289,1.289]
jer17_VV=[1.396,1.396,1.396,1.396]
jer17_ST=[1.020,1.000,1.000,1.000]

l1pref_ZA=[1.01,1.02,1.02,1.01]
l1pref_ZA-EWK=[1.03,1.04,1.04,1.05]
l1pref_TTA=[1.05,1.00,1.02,1.02]
l1pref_VV=[1.02,1.01,1.00,1.00]
l1pref_ST=[1.01,1.00,1.00,1.00]

interf=[1.03,1.02,1.02,1.03]

genbin1_scale=[1.000,1.001,1.008,1.000]
genbin2_scale=[1.012,1.000,1.015,1.000]
genbin3_scale=[1.013,1.009,1.000,1.003]
genbin4_scale=[1.029,1.000,1.011,1.000]

genbin1_pdf=[1.000,1.005,1.004,1.000]
genbin2_pdf=[1.002,1.000,1.004,1.000]
genbin3_pdf=[1.006,1.004,1.000,1.003]
genbin4_pdf=[1.003,1.000,1.006,1.000]

ele_ZA_ID=[1.035,1.037,1.088,1.024]
ele_ZA-EWK_ID=[1.032,1.031,1.044,1.042]
ele_TTA_ID=[1.022,1.022,1.132,1.028]
ele_VV_ID=[1.015,1.015,1.026,1.000]
ele_ST_ID=[1.015,1.000,1.000,1.000]

ele_ZA_reco=[1.004,1.005,1.005,1.004]
ele_ZA-EWK_reco=[1.004,1.004,1.004,1.004]
ele_TTA_reco=[1.003,1.005,1.006,1.004]
ele_VV_reco=[1.003,1.002,1.004,1.000]
ele_ST_reco=[1.004,1.000,1.000,1.000]

muon_ZA_all=[1.010,1.007,1.007,1.006]
muon_ZA-EWK_all=[1.010,1.009,1.009,1.009]
muon_TTA_all=[1.010,1.007,1.010,1.004]
muon_VV_all=[1.010,1.011,1.000,1.005]
muon_ST_all=[1.008,1.000,1.000,1.000]

muon_ZA_trigger=[1.021,1.015,1.015,1.010]
muon_ZA-EWK_trigger=[1.000,1.000,1.001,1.001]
muon_TTA_trigger=[1.002,1.016,1.002,1.003]
muon_VV_trigger=[1.024,1.039,1.000,1.002]
muon_ST_trigger=[1.005,1.000,1.000,1.000]

photon_ZA_ID=[1.022,1.033,1.057,1.107]
photon_ZA-EWK_ID=[1.023,1.036,1.058,1.115]
photon_TTA_ID=[1.023,1.047,1.063,1.141]
photon_VV_ID=[1.024,1.045,1.072,1.084]
photon_ST_ID=[1.019,1.000,1.000,1.000]

pileup_ZA=[1.01,1.03,1.00,1.05]
pileup_ZA-EWK=[1.01,1.00,1.01,1.00]
pileup_TTA=[1.03,1.03,1.03,1.03]
pileup_VV=[1.02,1.02,1.02,1.02]
pileup_ST=[1.02,1.00,1.00,1.00]

genbin1_pu=[1.008,1.015,1.192,1.000]
genbin2_pu=[1.010,1.004,1.022,1.000]
genbin3_pu=[1.157,1.080,1.005,1.075]
genbin4_pu=[1.049,1.000,1.037,1.003]

genbin1_pref=[1.035,1.049,1.014,1.000]
genbin2_pref=[1.044,1.039,1.025,1.000]
genbin3_pref=[1.070,1.023,1.041,1.027]
genbin4_pref=[1.000,1.000,1.036,1.046]

genbin1_interf=[1.031,1.101,1.000,1.000]
genbin2_interf=[1.000,1.018,1.000,1.000]
genbin3_interf=[1.000,1.000,1.021,1.000]
genbin4_interf=[1.000,1.000,1.389,1.049]

genbin1_jes=[1.073,1.116,1.000,1.000]
genbin2_jes=[1.058,1.058,1.155,1.000]
genbin3_jes=[1.208,1.109,1.054,1.000]
genbin4_jes=[1.000,1.000,1.211,1.041]

genbin1_jer=[1.063,1.227,1.017,1.000]
genbin2_jer=[1.055,1.057,1.120,1.000]
genbin3_jer=[1.208,1.109,1.051,1.000]
genbin4_jer=[1.000,1.000,1.211,1.034]

ZA_eff=[1.009,1.008,1.007,1.005]
ZA-EWKout_eff=[1.009,1.008,1.005,1.004]
TTA_eff=[1.001,1.015,1.004,1.000]
ST_eff=[1.005,1.000,1.000,1.000]
VV_eff=[1.011,1.017,1.000,1.000]

ZA_mis=[1.079,1.061,1.065,1.025]
ZA-EWKout_mis=[1.012,1.016,1.004,1.008]
TTA_mis=[1.010,1.031,1.003,1.000]
ST_mis=[1.000,1.000,1.000,1.000]
VV_mis=[1.028,1.067,1.000,1.000]

genbin1_eff=[1.003,1.004,1.000,1.000]
genbin2_eff=[1.003,1.003,1.006,1.000]
genbin3_eff=[1.000,1.004,1.003,1.000]
genbin4_eff=[1.000,1.000,1.002,1.002]

genbin1_mis=[1.000,1.000,1.000,1.000]
genbin2_mis=[1.000,1.001,1.000,1.000]
genbin3_mis=[1.000,1.006,1.001,1.000]
genbin4_mis=[1.000,1.000,1.000,1.000]

