pt range	chiso range	DataNumber	FakeNumber	TrueNumber	fitFake_number	fitTrue_number	closureFake_test	closureTrue_test
#######################################################################################
20 <pt<25 	3<chiso range<8 	113.589	47.8182	32.3912	38.2566	6.95267e-310	1.80916	inf
20 <pt<25 	3<chiso range<9 	113.589	47.8182	32.3912	38.528	6.92192e-310	1.80676	inf
20 <pt<25 	3<chiso range<10 	113.589	47.8182	32.3912	36.355	6.92192e-310	2.44713	inf
20 <pt<25 	3<chiso range<11 	113.589	47.8182	32.3912	36.5886	6.92192e-310	2.43481	inf
20 <pt<25 	3<chiso range<12 	113.589	47.8182	32.3912	36.3517	6.92192e-310	2.55212	inf
20 <pt<25 	3<chiso range<13 	113.589	47.8182	32.3912	35.8153	6.92192e-310	2.74118	inf
20 <pt<25 	4<chiso range<9 	113.589	47.8182	32.3912	37.3783	6.92192e-310	1.98575	inf
20 <pt<25 	4<chiso range<10 	113.589	47.8182	32.3912	35.0381	6.92192e-310	2.71597	inf
20 <pt<25 	4<chiso range<11 	113.589	47.8182	32.3912	35.4524	6.92192e-310	2.67081	inf
20 <pt<25 	4<chiso range<12 	113.589	47.8182	32.3912	35.3269	6.92192e-310	2.77305	inf
20 <pt<25 	4<chiso range<13 	113.589	47.8182	32.3912	34.8549	6.92192e-310	2.94915	inf
20 <pt<25 	5<chiso range<10 	113.589	47.8182	32.3912	32.0098	6.92192e-310	3.45577	inf
20 <pt<25 	5<chiso range<11 	113.589	47.8182	32.3912	32.94	6.92192e-310	3.28013	inf
20 <pt<25 	5<chiso range<12 	113.589	47.8182	32.3912	33.0815	6.92192e-310	3.3371	inf
20 <pt<25 	5<chiso range<13 	113.589	47.8182	32.3912	32.3784	6.92192e-310	3.63236	inf
20 <pt<25 	6<chiso range<11 	113.589	47.8182	32.3912	32.8586	6.92192e-310	3.0763	inf
20 <pt<25 	6<chiso range<12 	113.589	47.8182	32.3912	33.0533	6.92192e-310	3.15262	inf
20 <pt<25 	6<chiso range<13 	113.589	47.8182	32.3912	32.4815	6.92192e-310	3.40477	inf
20 <pt<25 	7<chiso range<12 	113.589	47.8182	32.3912	32.6835	6.92192e-310	3.03358	inf
20 <pt<25 	7<chiso range<13 	113.589	47.8182	32.3912	31.7838	6.92192e-310	3.41155	inf
20 <pt<25 	8<chiso range<13 	113.589	47.8182	32.3912	30.6115	6.92192e-310	3.54048	inf
#######################################################################################
25 <pt<30 	3<chiso range<8 	65.5059	25.7575	20.996	18.5333	6.92192e-310	1.9348	inf
25 <pt<30 	3<chiso range<9 	65.5059	25.7575	20.996	18.7342	6.92192e-310	1.9061	inf
25 <pt<30 	3<chiso range<10 	65.5059	25.7575	20.996	19.0192	6.92192e-310	1.84519	inf
25 <pt<30 	3<chiso range<11 	65.5059	25.7575	20.996	19.7342	6.92192e-310	1.62811	inf
25 <pt<30 	3<chiso range<12 	65.5059	25.7575	20.996	19.6173	6.92192e-310	1.6947	inf
25 <pt<30 	3<chiso range<13 	65.5059	25.7575	20.996	18.6803	6.92192e-310	2.07689	inf
25 <pt<30 	4<chiso range<9 	65.5059	25.7575	20.996	18.1668	6.92192e-310	2.00676	inf
25 <pt<30 	4<chiso range<10 	65.5059	25.7575	20.996	18.6054	6.92192e-310	1.90704	inf
25 <pt<30 	4<chiso range<11 	65.5059	25.7575	20.996	19.5375	6.92192e-310	1.63005	inf
25 <pt<30 	4<chiso range<12 	65.5059	25.7575	20.996	19.2479	6.92192e-310	1.76332	inf
25 <pt<30 	4<chiso range<13 	65.5059	25.7575	20.996	18.1975	6.92192e-310	2.20076	inf
25 <pt<30 	5<chiso range<10 	65.5059	25.7575	20.996	16.7929	6.92192e-310	2.51632	inf
25 <pt<30 	5<chiso range<11 	65.5059	25.7575	20.996	18.1587	6.92192e-310	2.05566	inf
25 <pt<30 	5<chiso range<12 	65.5059	25.7575	20.996	18.0059	6.92192e-310	2.16492	inf
25 <pt<30 	5<chiso range<13 	65.5059	25.7575	20.996	16.8999	6.92192e-310	2.69051	inf
25 <pt<30 	6<chiso range<11 	65.5059	25.7575	20.996	19.457	6.92192e-310	1.50252	inf
25 <pt<30 	6<chiso range<12 	65.5059	25.7575	20.996	19.0676	6.92192e-310	1.68399	inf
25 <pt<30 	6<chiso range<13 	65.5059	25.7575	20.996	17.6531	6.92192e-310	2.26553	inf
25 <pt<30 	7<chiso range<12 	65.5059	25.7575	20.996	20.4351	6.92192e-310	1.17704	inf
25 <pt<30 	7<chiso range<13 	65.5059	25.7575	20.996	18.5227	6.92192e-310	1.83347	inf
25 <pt<30 	8<chiso range<13 	65.5059	25.7575	20.996	17.7293	6.92192e-310	1.9608	inf
#######################################################################################
30 <pt<50 	3<chiso range<8 	101.91	30.1561	39.8288	20.2776	6.92192e-310	2.6013	inf
30 <pt<50 	3<chiso range<9 	101.91	30.1561	39.8288	20.4141	6.92192e-310	2.61626	inf
30 <pt<50 	3<chiso range<10 	101.91	30.1561	39.8288	20.124	6.92192e-310	2.78757	inf
30 <pt<50 	3<chiso range<11 	101.91	30.1561	39.8288	19.9168	6.92192e-310	2.91102	inf
30 <pt<50 	3<chiso range<12 	101.91	30.1561	39.8288	19.9419	6.92192e-310	2.93362	inf
30 <pt<50 	3<chiso range<13 	101.91	30.1561	39.8288	20.4574	6.92192e-310	2.74443	inf
30 <pt<50 	4<chiso range<9 	101.91	30.1561	39.8288	19.8983	6.92192e-310	2.69692	inf
30 <pt<50 	4<chiso range<10 	101.91	30.1561	39.8288	19.5742	6.92192e-310	2.90845	inf
30 <pt<50 	4<chiso range<11 	101.91	30.1561	39.8288	19.3846	6.92192e-310	3.04107	inf
30 <pt<50 	4<chiso range<12 	101.91	30.1561	39.8288	19.456	6.92192e-310	3.05742	inf
30 <pt<50 	4<chiso range<13 	101.91	30.1561	39.8288	20.0872	6.92192e-310	2.82584	inf
30 <pt<50 	5<chiso range<10 	101.91	30.1561	39.8288	19.1099	6.92192e-310	2.98234	inf
30 <pt<50 	5<chiso range<11 	101.91	30.1561	39.8288	18.9443	6.92192e-310	3.12427	inf
30 <pt<50 	5<chiso range<12 	101.91	30.1561	39.8288	19.077	6.92192e-310	3.13058	inf
30 <pt<50 	5<chiso range<13 	101.91	30.1561	39.8288	19.8571	6.92192e-310	2.84584	inf
30 <pt<50 	6<chiso range<11 	101.91	30.1561	39.8288	18.5953	6.92192e-310	3.13568	inf
30 <pt<50 	6<chiso range<12 	101.91	30.1561	39.8288	18.8142	6.92192e-310	3.12728	inf
30 <pt<50 	6<chiso range<13 	101.91	30.1561	39.8288	19.785	6.92192e-310	2.78498	inf
30 <pt<50 	7<chiso range<12 	101.91	30.1561	39.8288	19.9774	6.92192e-310	2.50419	inf
30 <pt<50 	7<chiso range<13 	101.91	30.1561	39.8288	20.9799	6.92192e-310	2.22243	inf
30 <pt<50 	8<chiso range<13 	101.91	30.1561	39.8288	20.7	6.92192e-310	2.16478	inf
#######################################################################################
50 <pt<400 	3<chiso range<8 	45.5324	7.55655	27.6299	5.95068	6.92192e-310	0.661671	inf
50 <pt<400 	3<chiso range<9 	45.5324	7.55655	27.6299	6.06371	6.92192e-310	0.613691	inf
50 <pt<400 	3<chiso range<10 	45.5324	7.55655	27.6299	5.98511	6.92192e-310	0.667871	inf
50 <pt<400 	3<chiso range<11 	45.5324	7.55655	27.6299	5.74126	6.92192e-310	0.817514	inf
50 <pt<400 	3<chiso range<12 	45.5324	7.55655	27.6299	5.90642	6.92192e-310	0.727202	inf
50 <pt<400 	3<chiso range<13 	45.5324	7.55655	27.6299	5.88145	6.92192e-310	0.756885	inf
50 <pt<400 	4<chiso range<9 	45.5324	7.55655	27.6299	6.28958	6.92192e-310	0.486718	inf
50 <pt<400 	4<chiso range<10 	45.5324	7.55655	27.6299	6.14565	6.92192e-310	0.569796	inf
50 <pt<400 	4<chiso range<11 	45.5324	7.55655	27.6299	6.0215	6.92192e-310	0.654508	inf
50 <pt<400 	4<chiso range<12 	45.5324	7.55655	27.6299	6.22271	6.92192e-310	0.556121	inf
50 <pt<400 	4<chiso range<13 	45.5324	7.55655	27.6299	5.93683	6.92192e-310	0.715617	inf
50 <pt<400 	5<chiso range<10 	45.5324	7.55655	27.6299	6.79822	6.92192e-310	0.26603	inf
50 <pt<400 	5<chiso range<11 	45.5324	7.55655	27.6299	6.46599	6.92192e-310	0.42048	inf
50 <pt<400 	5<chiso range<12 	45.5324	7.55655	27.6299	6.65473	6.92192e-310	0.318045	inf
50 <pt<400 	5<chiso range<13 	45.5324	7.55655	27.6299	6.26595	6.92192e-310	0.530138	inf
50 <pt<400 	6<chiso range<11 	45.5324	7.55655	27.6299	6.32908	6.92192e-310	0.426532	inf
50 <pt<400 	6<chiso range<12 	45.5324	7.55655	27.6299	6.41203	6.92192e-310	0.414656	inf
50 <pt<400 	6<chiso range<13 	45.5324	7.55655	27.6299	6.15394	6.92192e-310	0.575522	inf
50 <pt<400 	7<chiso range<12 	45.5324	7.55655	27.6299	6.30498	6.92192e-310	0.436635	inf
50 <pt<400 	7<chiso range<13 	45.5324	7.55655	27.6299	5.93566	6.92192e-310	0.673317	inf
50 <pt<400 	8<chiso range<13 	45.5324	7.55655	27.6299	5.44055	6.92192e-310	0.943081	inf
#######################################################################################
